  1.00000E-03  1.00000E+10  2.98611E+00  7.30005E-08  3.46191E+00  1.07454E-07  3.49105E+00  1.15424E-07
  1.00100E+00  9.99001E+06  2.98613E+00  7.39789E-05  3.46193E+00  1.09343E-04  3.49107E+00  1.12568E-04
  2.00100E+00  4.99750E+06  2.98617E+00  1.47901E-04  3.46200E+00  2.18631E-04  3.49114E+00  2.25079E-04
  3.00100E+00  3.33222E+06  2.98625E+00  2.21859E-04  3.46211E+00  3.28028E-04  3.49125E+00  3.37700E-04
  4.00100E+00  2.49938E+06  2.98635E+00  2.95870E-04  3.46226E+00  4.37588E-04  3.49141E+00  4.50486E-04
  5.00100E+00  1.99960E+06  2.98648E+00  3.69950E-04  3.46246E+00  5.47367E-04  3.49161E+00  5.63492E-04
  6.00100E+00  1.66639E+06  2.98665E+00  4.44119E-04  3.46270E+00  6.57418E-04  3.49186E+00  6.76775E-04
  7.00100E+00  1.42837E+06  2.98684E+00  5.18394E-04  3.46298E+00  7.67798E-04  3.49215E+00  7.90391E-04
  8.00100E+00  1.24984E+06  2.98706E+00  5.92792E-04  3.46331E+00  8.78563E-04  3.49249E+00  9.04397E-04
  9.00100E+00  1.11099E+06  2.98731E+00  6.67331E-04  3.46369E+00  9.89770E-04  3.49287E+00  1.01885E-03
  1.00010E+01  9.99900E+05  2.98759E+00  7.42030E-04  3.46410E+00  1.10148E-03  3.49330E+00  1.13381E-03
  1.10010E+01  9.09008E+05  2.98791E+00  8.16906E-04  3.46457E+00  1.21374E-03  3.49378E+00  1.24933E-03
  1.20010E+01  8.33264E+05  2.98825E+00  8.91977E-04  3.46507E+00  1.32662E-03  3.49430E+00  1.36548E-03
  1.30010E+01  7.69172E+05  2.98862E+00  9.67263E-04  3.46563E+00  1.44018E-03  3.49487E+00  1.48231E-03
  1.40010E+01  7.14235E+05  2.98902E+00  1.04278E-03  3.46623E+00  1.55448E-03  3.49549E+00  1.59989E-03
  1.50010E+01  6.66622E+05  2.98945E+00  1.11855E-03  3.46687E+00  1.66958E-03  3.49615E+00  1.71828E-03
  1.60010E+01  6.24961E+05  2.98992E+00  1.19459E-03  3.46756E+00  1.78554E-03  3.49686E+00  1.83755E-03
  1.70010E+01  5.88201E+05  2.99041E+00  1.27092E-03  3.46830E+00  1.90244E-03  3.49762E+00  1.95776E-03
  1.80010E+01  5.55525E+05  2.99093E+00  1.34755E-03  3.46908E+00  2.02034E-03  3.49842E+00  2.07898E-03
  1.90010E+01  5.26288E+05  2.99149E+00  1.42451E-03  3.46991E+00  2.13931E-03  3.49928E+00  2.20129E-03
  2.00010E+01  4.99975E+05  2.99207E+00  1.50182E-03  3.47079E+00  2.25941E-03  3.50018E+00  2.32474E-03
  2.10010E+01  4.76168E+05  2.99269E+00  1.57950E-03  3.47172E+00  2.38074E-03  3.50114E+00  2.44943E-03
  2.20010E+01  4.54525E+05  2.99333E+00  1.65756E-03  3.47269E+00  2.50334E-03  3.50214E+00  2.57541E-03
  2.30010E+01  4.34764E+05  2.99401E+00  1.73603E-03  3.47372E+00  2.62732E-03  3.50319E+00  2.70278E-03
  2.40010E+01  4.16649E+05  2.99472E+00  1.81492E-03  3.47479E+00  2.75274E-03  3.50430E+00  2.83161E-03
  2.50010E+01  3.99984E+05  2.99546E+00  1.89426E-03  3.47592E+00  2.87970E-03  3.50546E+00  2.96199E-03
  2.60010E+01  3.84601E+05  2.99624E+00  1.97408E-03  3.47709E+00  3.00827E-03  3.50667E+00  3.09400E-03
  2.70010E+01  3.70357E+05  2.99704E+00  2.05438E-03  3.47832E+00  3.13854E-03  3.50793E+00  3.22773E-03
  2.80010E+01  3.57130E+05  2.99788E+00  2.13520E-03  3.47960E+00  3.27062E-03  3.50925E+00  3.36328E-03
  2.90010E+01  3.44816E+05  2.99875E+00  2.21655E-03  3.48094E+00  3.40459E-03  3.51062E+00  3.50075E-03
  3.00010E+01  3.33322E+05  2.99965E+00  2.29846E-03  3.48232E+00  3.54055E-03  3.51204E+00  3.64023E-03
  3.10010E+01  3.22570E+05  3.00059E+00  2.38095E-03  3.48376E+00  3.67862E-03  3.51353E+00  3.78183E-03
  3.20010E+01  3.12490E+05  3.00156E+00  2.46404E-03  3.48526E+00  3.81889E-03  3.51507E+00  3.92566E-03
  3.30010E+01  3.03021E+05  3.00256E+00  2.54776E-03  3.48682E+00  3.96149E-03  3.51666E+00  4.07183E-03
  3.40010E+01  2.94109E+05  3.00359E+00  2.63213E-03  3.48843E+00  4.10653E-03  3.51832E+00  4.22047E-03
  3.50010E+01  2.85706E+05  3.00466E+00  2.71718E-03  3.49010E+00  4.25413E-03  3.52004E+00  4.37170E-03
  3.60010E+01  2.77770E+05  3.00577E+00  2.80292E-03  3.49183E+00  4.40442E-03  3.52181E+00  4.52564E-03
  3.70010E+01  2.70263E+05  3.00690E+00  2.88940E-03  3.49362E+00  4.55755E-03  3.52365E+00  4.68244E-03
  3.80010E+01  2.63151E+05  3.00808E+00  2.97663E-03  3.49547E+00  4.71365E-03  3.52555E+00  4.84224E-03
  3.90010E+01  2.56404E+05  3.00928E+00  3.06464E-03  3.49738E+00  4.87287E-03  3.52752E+00  5.00518E-03
  4.00010E+01  2.49994E+05  3.01053E+00  3.15345E-03  3.49936E+00  5.03538E-03  3.52955E+00  5.17143E-03
  4.10010E+01  2.43896E+05  3.01180E+00  3.24310E-03  3.50141E+00  5.20132E-03  3.53165E+00  5.34116E-03
  4.20010E+01  2.38090E+05  3.01312E+00  3.33362E-03  3.50352E+00  5.37089E-03  3.53382E+00  5.51452E-03
  4.30010E+01  2.32553E+05  3.01447E+00  3.42503E-03  3.50570E+00  5.54425E-03  3.53606E+00  5.69172E-03
  4.40010E+01  2.27268E+05  3.01586E+00  3.51736E-03  3.50795E+00  5.72161E-03  3.53837E+00  5.87294E-03
  4.50010E+01  2.22217E+05  3.01728E+00  3.61064E-03  3.51027E+00  5.90317E-03  3.54075E+00  6.05839E-03
  4.60010E+01  2.17387E+05  3.01874E+00  3.70491E-03  3.51266E+00  6.08915E-03  3.54321E+00  6.24828E-03
  4.70010E+01  2.12761E+05  3.02024E+00  3.80020E-03  3.51513E+00  6.27976E-03  3.54574E+00  6.44284E-03
  4.80010E+01  2.08329E+05  3.02178E+00  3.89653E-03  3.51768E+00  6.47526E-03  3.54835E+00  6.64232E-03
  4.90010E+01  2.04077E+05  3.02336E+00  3.99395E-03  3.52030E+00  6.67589E-03  3.55105E+00  6.84696E-03
  5.00010E+01  1.99996E+05  3.02498E+00  4.09249E-03  3.52301E+00  6.88193E-03  3.55382E+00  7.05704E-03
  5.10010E+01  1.96075E+05  3.02663E+00  4.19218E-03  3.52580E+00  7.09366E-03  3.55668E+00  7.27284E-03
  5.20010E+01  1.92304E+05  3.02833E+00  4.29306E-03  3.52868E+00  7.31139E-03  3.55963E+00  7.49468E-03
  5.30010E+01  1.88676E+05  3.03007E+00  4.39517E-03  3.53164E+00  7.53545E-03  3.56267E+00  7.72287E-03
  5.40010E+01  1.85182E+05  3.03184E+00  4.49855E-03  3.53469E+00  7.76617E-03  3.56580E+00  7.95775E-03
  5.50010E+01  1.81815E+05  3.03366E+00  4.60323E-03  3.53784E+00  8.00393E-03  3.56903E+00  8.19971E-03
  5.60010E+01  1.78568E+05  3.03552E+00  4.70925E-03  3.54109E+00  8.24911E-03  3.57235E+00  8.44912E-03
  5.70010E+01  1.75436E+05  3.03743E+00  4.81667E-03  3.54443E+00  8.50214E-03  3.57577E+00  8.70641E-03
  5.80010E+01  1.72411E+05  3.03937E+00  4.92551E-03  3.54787E+00  8.76346E-03  3.57930E+00  8.97201E-03
  5.90010E+01  1.69489E+05  3.04137E+00  5.03583E-03  3.55143E+00  9.03355E-03  3.58294E+00  9.24642E-03
  6.00010E+01  1.66664E+05  3.04340E+00  5.14767E-03  3.55509E+00  9.31293E-03  3.58668E+00  9.53014E-03
  6.10010E+01  1.63932E+05  3.04548E+00  5.26108E-03  3.55886E+00  9.60213E-03  3.59055E+00  9.82372E-03
  6.20010E+01  1.61288E+05  3.04761E+00  5.37611E-03  3.56275E+00  9.90176E-03  3.59453E+00  1.01277E-02
  6.30010E+01  1.58728E+05  3.04978E+00  5.49279E-03  3.56677E+00  1.02124E-02  3.59863E+00  1.04428E-02
  6.40010E+01  1.56248E+05  3.05200E+00  5.61120E-03  3.57091E+00  1.05348E-02  3.60286E+00  1.07697E-02
  6.50010E+01  1.53844E+05  3.05427E+00  5.73138E-03  3.57517E+00  1.08697E-02  3.60723E+00  1.11090E-02
  6.60010E+01  1.51513E+05  3.05658E+00  5.85338E-03  3.57958E+00  1.12179E-02  3.61173E+00  1.14617E-02
  6.70010E+01  1.49252E+05  3.05895E+00  5.97726E-03  3.58413E+00  1.15801E-02  3.61638E+00  1.18284E-02
  6.80010E+01  1.47057E+05  3.06136E+00  6.10308E-03  3.58882E+00  1.19574E-02  3.62117E+00  1.22102E-02
  6.90010E+01  1.44925E+05  3.06383E+00  6.23090E-03  3.59367E+00  1.23508E-02  3.62612E+00  1.26080E-02
  7.00010E+01  1.42855E+05  3.06634E+00  6.36078E-03  3.59868E+00  1.27612E-02  3.63123E+00  1.30230E-02
  7.10010E+01  1.40843E+05  3.06891E+00  6.49278E-03  3.60385E+00  1.31900E-02  3.63651E+00  1.34563E-02
  7.20010E+01  1.38887E+05  3.07153E+00  6.62698E-03  3.60920E+00  1.36383E-02  3.64197E+00  1.39091E-02
  7.30010E+01  1.36984E+05  3.07421E+00  6.76343E-03  3.61473E+00  1.41076E-02  3.64760E+00  1.43829E-02
  7.40010E+01  1.35133E+05  3.07694E+00  6.90222E-03  3.62045E+00  1.45994E-02  3.65344E+00  1.48791E-02
  7.50010E+01  1.33332E+05  3.07973E+00  7.04341E-03  3.62637E+00  1.51154E-02  3.65947E+00  1.53995E-02
  7.60010E+01  1.31577E+05  3.08257E+00  7.18708E-03  3.63250E+00  1.56573E-02  3.66572E+00  1.59458E-02
  7.70010E+01  1.29868E+05  3.08547E+00  7.33331E-03  3.63885E+00  1.62272E-02  3.67218E+00  1.65199E-02
  7.80010E+01  1.28203E+05  3.08843E+00  7.48217E-03  3.64544E+00  1.68273E-02  3.67889E+00  1.71242E-02
  7.90010E+01  1.26581E+05  3.09145E+00  7.63377E-03  3.65226E+00  1.74599E-02  3.68583E+00  1.77609E-02
  8.00010E+01  1.24998E+05  3.09454E+00  7.78817E-03  3.65935E+00  1.81278E-02  3.69304E+00  1.84327E-02
  8.10010E+01  1.23455E+05  3.09768E+00  7.94547E-03  3.66671E+00  1.88338E-02  3.70052E+00  1.91425E-02
  8.20010E+01  1.21950E+05  3.10089E+00  8.10577E-03  3.67435E+00  1.95811E-02  3.70829E+00  1.98936E-02
  8.30010E+01  1.20480E+05  3.10416E+00  8.26917E-03  3.68230E+00  2.03735E-02  3.71637E+00  2.06894E-02
  8.40010E+01  1.19046E+05  3.10750E+00  8.43576E-03  3.69058E+00  2.12149E-02  3.72477E+00  2.15340E-02
  8.50010E+01  1.17646E+05  3.11090E+00  8.60564E-03  3.69919E+00  2.21096E-02  3.73351E+00  2.24317E-02
  8.60010E+01  1.16278E+05  3.11438E+00  8.77894E-03  3.70817E+00  2.30629E-02  3.74262E+00  2.33875E-02
  8.70010E+01  1.14941E+05  3.11792E+00  8.95576E-03  3.71755E+00  2.40801E-02  3.75212E+00  2.44069E-02
  8.80010E+01  1.13635E+05  3.12154E+00  9.13622E-03  3.72733E+00  2.51676E-02  3.76204E+00  2.54961E-02
  8.90010E+01  1.12358E+05  3.12522E+00  9.32044E-03  3.73756E+00  2.63323E-02  3.77240E+00  2.66621E-02
  9.00010E+01  1.11110E+05  3.12899E+00  9.50855E-03  3.74826E+00  2.75824E-02  3.78324E+00  2.79127E-02
  9.10010E+01  1.09889E+05  3.13283E+00  9.70069E-03  3.75948E+00  2.89267E-02  3.79459E+00  2.92568E-02
  9.20010E+01  1.08694E+05  3.13674E+00  9.89698E-03  3.77124E+00  3.03756E-02  3.80649E+00  3.07047E-02
  9.30010E+01  1.07526E+05  3.14074E+00  1.00976E-02  3.78360E+00  3.19407E-02  3.81897E+00  3.22677E-02
  9.40010E+01  1.06382E+05  3.14481E+00  1.03026E-02  3.79660E+00  3.36355E-02  3.83210E+00  3.39592E-02
  9.50010E+01  1.05262E+05  3.14897E+00  1.05123E-02  3.81028E+00  3.54752E-02  3.84592E+00  3.57942E-02
  9.60010E+01  1.04166E+05  3.15321E+00  1.07267E-02  3.82472E+00  3.74776E-02  3.86049E+00  3.77903E-02
  9.70010E+01  1.03092E+05  3.15754E+00  1.09461E-02  3.83998E+00  3.96633E-02  3.87587E+00  3.99677E-02
  9.80010E+01  1.02040E+05  3.16196E+00  1.11706E-02  3.85613E+00  4.20561E-02  3.89214E+00  4.23500E-02
  9.90010E+01  1.01009E+05  3.16647E+00  1.14004E-02  3.87326E+00  4.46840E-02  3.90939E+00  4.49646E-02
  1.00001E+02  9.99990E+04  3.17108E+00  1.16357E-02  3.89147E+00  4.75799E-02  3.92770E+00  4.78438E-02
  1.01001E+02  9.90089E+04  3.17577E+00  1.18767E-02  3.91085E+00  5.07825E-02  3.94720E+00  5.10259E-02
  1.02001E+02  9.80383E+04  3.18057E+00  1.21236E-02  3.93154E+00  5.43380E-02  3.96798E+00  5.45561E-02
  1.03001E+02  9.70864E+04  3.18546E+00  1.23767E-02  3.95369E+00  5.83015E-02  3.99021E+00  5.84886E-02
  1.04001E+02  9.61529E+04  3.19046E+00  1.26361E-02  3.97744E+00  6.27395E-02  4.01405E+00  6.28886E-02
  1.05001E+02  9.52372E+04  3.19556E+00  1.29021E-02  4.00301E+00  6.77323E-02  4.03967E+00  6.78351E-02
  1.06001E+02  9.43387E+04  3.20077E+00  1.31749E-02  4.03061E+00  7.33785E-02  4.06731E+00  7.34246E-02
  1.07001E+02  9.34571E+04  3.20609E+00  1.34549E-02  4.06050E+00  7.97992E-02  4.09722E+00  7.97758E-02
  1.08001E+02  9.25917E+04  3.21152E+00  1.37423E-02  4.09300E+00  8.71453E-02  4.12970E+00  8.70364E-02
  1.09001E+02  9.17423E+04  3.21707E+00  1.40373E-02  4.12846E+00  9.56061E-02  4.16512E+00  9.53917E-02
  1.10001E+02  9.09083E+04  3.22274E+00  1.43404E-02  4.16734E+00  1.05422E-01  4.20392E+00  1.05077E-01
  1.11001E+02  9.00893E+04  3.22853E+00  1.46517E-02  4.21016E+00  1.16902E-01  4.24660E+00  1.16394E-01
  1.12001E+02  8.92849E+04  3.23445E+00  1.49718E-02  4.25758E+00  1.30449E-01  4.29381E+00  1.29737E-01
  1.13001E+02  8.84948E+04  3.24050E+00  1.53008E-02  4.31037E+00  1.46595E-01  4.34633E+00  1.45623E-01
  1.14001E+02  8.77185E+04  3.24668E+00  1.56392E-02  4.36953E+00  1.66053E-01  4.40511E+00  1.64749E-01
  1.15001E+02  8.69558E+04  3.25299E+00  1.59873E-02  4.43628E+00  1.89799E-01  4.47135E+00  1.88067E-01
  1.16001E+02  8.62062E+04  3.25945E+00  1.63456E-02  4.51216E+00  2.19195E-01  4.54657E+00  2.16902E-01
  1.17001E+02  8.54694E+04  3.26605E+00  1.67146E-02  4.59911E+00  2.56186E-01  4.63266E+00  2.53147E-01
  1.18001E+02  8.47450E+04  3.27280E+00  1.70946E-02  4.69964E+00  3.03618E-01  4.73207E+00  2.99569E-01
  1.19001E+02  8.40329E+04  3.27971E+00  1.74861E-02  4.81690E+00  3.65781E-01  4.84788E+00  3.60340E-01
  1.20001E+02  8.33326E+04  3.28677E+00  1.78897E-02  4.95484E+00  4.49353E-01  4.98394E+00  4.41943E-01
  1.21001E+02  8.26439E+04  3.29400E+00  1.83059E-02  5.11810E+00  5.65095E-01  5.14479E+00  5.54824E-01
  1.22001E+02  8.19665E+04  3.30140E+00  1.87353E-02  5.31117E+00  7.30966E-01  5.33484E+00  7.16409E-01
  1.23001E+02  8.13002E+04  3.30897E+00  1.91784E-02  5.53507E+00  9.77789E-01  5.55515E+00  9.56593E-01
  1.24001E+02  8.06445E+04  3.31672E+00  1.96358E-02  5.77590E+00  1.35830E+00  5.79237E+00  1.32654E+00
  1.25001E+02  7.99994E+04  3.32465E+00  2.01084E-02  5.97022E+00  1.95278E+00  5.98529E+00  1.90430E+00
  1.26001E+02  7.93644E+04  3.33278E+00  2.05966E-02  5.92906E+00  2.82096E+00  5.95068E+00  2.74872E+00
  1.27001E+02  7.87395E+04  3.34111E+00  2.11014E-02  5.34154E+00  3.77727E+00  5.38427E+00  3.68067E+00
  1.28001E+02  7.81244E+04  3.34964E+00  2.16236E-02  4.23318E+00  4.28584E+00  4.30779E+00  4.17286E+00
  1.29001E+02  7.75188E+04  3.35838E+00  2.21638E-02  3.14446E+00  4.16046E+00  3.25939E+00  4.03634E+00
  1.30001E+02  7.69225E+04  3.36734E+00  2.27231E-02  2.37667E+00  3.70827E+00  2.55042E+00  3.58294E+00
  1.31001E+02  7.63353E+04  3.37653E+00  2.33024E-02  1.89513E+00  3.17700E+00  2.14923E+00  3.08651E+00
  1.32001E+02  7.57570E+04  3.38595E+00  2.39027E-02  1.60720E+00  2.65713E+00  1.92376E+00  2.67121E+00
  1.33001E+02  7.51874E+04  3.39561E+00  2.45252E-02  1.45192E+00  2.16946E+00  1.73874E+00  2.32005E+00
  1.34001E+02  7.46263E+04  3.40553E+00  2.51708E-02  1.40075E+00  1.71714E+00  1.58420E+00  1.94303E+00
  1.35001E+02  7.40735E+04  3.41571E+00  2.58410E-02  1.44383E+00  1.31006E+00  1.52269E+00  1.53901E+00
  1.36001E+02  7.35289E+04  3.42617E+00  2.65369E-02  1.56639E+00  9.73394E-01  1.57138E+00  1.16172E+00
  1.37001E+02  7.29922E+04  3.43690E+00  2.72600E-02  1.73021E+00  7.25315E-01  1.70167E+00  8.58963E-01
  1.38001E+02  7.24632E+04  3.44793E+00  2.80118E-02  1.89604E+00  5.54526E-01  1.86295E+00  6.43770E-01
  1.39001E+02  7.19419E+04  3.45926E+00  2.87938E-02  2.04565E+00  4.37223E-01  2.01947E+00  4.97313E-01
  1.40001E+02  7.14281E+04  3.47092E+00  2.96079E-02  2.17554E+00  3.54390E-01  2.15863E+00  3.96271E-01
  1.41001E+02  7.09215E+04  3.48290E+00  3.04558E-02  2.28744E+00  2.93937E-01  2.27918E+00  3.24268E-01
  1.42001E+02  7.04220E+04  3.49523E+00  3.13395E-02  2.38419E+00  2.48473E-01  2.38332E+00  2.71228E-01
  1.43001E+02  6.99296E+04  3.50791E+00  3.22612E-02  2.46846E+00  2.13398E-01  2.47375E+00  2.31006E-01
  1.44001E+02  6.94440E+04  3.52097E+00  3.32231E-02  2.54248E+00  1.85755E-01  2.55291E+00  1.99748E-01
  1.45001E+02  6.89650E+04  3.53442E+00  3.42276E-02  2.60807E+00  1.63573E-01  2.62280E+00  1.74955E-01
  1.46001E+02  6.84927E+04  3.54828E+00  3.52775E-02  2.66666E+00  1.45500E-01  2.68503E+00  1.54950E-01
  1.47001E+02  6.80267E+04  3.56257E+00  3.63756E-02  2.71939E+00  1.30584E-01  2.74088E+00  1.38573E-01
  1.48001E+02  6.75671E+04  3.57731E+00  3.75251E-02  2.76718E+00  1.18135E-01  2.79138E+00  1.24998E-01
  1.49001E+02  6.71136E+04  3.59251E+00  3.87291E-02  2.81078E+00  1.07643E-01  2.83736E+00  1.13626E-01
  1.50001E+02  6.66662E+04  3.60820E+00  3.99915E-02  2.85080E+00  9.87275E-02  2.87948E+00  1.04012E-01
  1.51001E+02  6.62247E+04  3.62441E+00  4.13162E-02  2.88773E+00  9.10956E-02  2.91831E+00  9.58192E-02
  1.52001E+02  6.57890E+04  3.64115E+00  4.27074E-02  2.92201E+00  8.45213E-02  2.95430E+00  8.87901E-02
  1.53001E+02  6.53590E+04  3.65846E+00  4.41698E-02  2.95397E+00  7.88269E-02  2.98783E+00  8.27234E-02
  1.54001E+02  6.49346E+04  3.67637E+00  4.57086E-02  2.98391E+00  7.38714E-02  3.01922E+00  7.74609E-02
  1.55001E+02  6.45157E+04  3.69490E+00  4.73293E-02  3.01209E+00  6.95417E-02  3.04874E+00  7.28764E-02
  1.56001E+02  6.41022E+04  3.71410E+00  4.90380E-02  3.03871E+00  6.57465E-02  3.07662E+00  6.88684E-02
  1.57001E+02  6.36939E+04  3.73399E+00  5.08414E-02  3.06397E+00  6.24110E-02  3.10307E+00  6.53544E-02
  1.58001E+02  6.32907E+04  3.75461E+00  5.27468E-02  3.08802E+00  5.94739E-02  3.12824E+00  6.22669E-02
  1.59001E+02  6.28927E+04  3.77602E+00  5.47623E-02  3.11101E+00  5.68844E-02  3.15230E+00  5.95504E-02
  1.60001E+02  6.24996E+04  3.79824E+00  5.68968E-02  3.13305E+00  5.46004E-02  3.17538E+00  5.71588E-02
  1.61001E+02  6.21114E+04  3.82133E+00  5.91601E-02  3.15427E+00  5.25866E-02  3.19758E+00  5.50537E-02
  1.62001E+02  6.17280E+04  3.84535E+00  6.15632E-02  3.17475E+00  5.08133E-02  3.21903E+00  5.32028E-02
  1.63001E+02  6.13493E+04  3.87035E+00  6.41181E-02  3.19458E+00  4.92558E-02  3.23979E+00  5.15792E-02
  1.64001E+02  6.09752E+04  3.89639E+00  6.68383E-02  3.21385E+00  4.78931E-02  3.25997E+00  5.01601E-02
  1.65001E+02  6.06057E+04  3.92354E+00  6.97386E-02  3.23263E+00  4.67074E-02  3.27964E+00  4.89262E-02
  1.66001E+02  6.02406E+04  3.95188E+00  7.28360E-02  3.25097E+00  4.56840E-02  3.29885E+00  4.78614E-02
  1.67001E+02  5.98799E+04  3.98148E+00  7.61490E-02  3.26894E+00  4.48104E-02  3.31768E+00  4.69519E-02
  1.68001E+02  5.95235E+04  4.01243E+00  7.96989E-02  3.28660E+00  4.40761E-02  3.33619E+00  4.61863E-02
  1.69001E+02  5.91712E+04  4.04484E+00  8.35094E-02  3.30400E+00  4.34726E-02  3.35443E+00  4.55550E-02
  1.70001E+02  5.88232E+04  4.07880E+00  8.76075E-02  3.32119E+00  4.29930E-02  3.37244E+00  4.50501E-02
  1.71001E+02  5.84792E+04  4.11443E+00  9.20235E-02  3.33821E+00  4.26318E-02  3.39028E+00  4.46652E-02
  1.72001E+02  5.81392E+04  4.15187E+00  9.67923E-02  3.35512E+00  4.23849E-02  3.40800E+00  4.43951E-02
  1.73001E+02  5.78031E+04  4.19126E+00  1.01954E-01  3.37195E+00  4.22496E-02  3.42563E+00  4.42361E-02
  1.74001E+02  5.74709E+04  4.23276E+00  1.07553E-01  3.38875E+00  4.22241E-02  3.44322E+00  4.41854E-02
  1.75001E+02  5.71425E+04  4.27654E+00  1.13643E-01  3.40556E+00  4.23082E-02  3.46081E+00  4.42413E-02
  1.76001E+02  5.68179E+04  4.32282E+00  1.20284E-01  3.42242E+00  4.25026E-02  3.47845E+00  4.44033E-02
  1.77001E+02  5.64969E+04  4.37180E+00  1.27548E-01  3.43939E+00  4.28094E-02  3.49617E+00  4.46717E-02
  1.78001E+02  5.61795E+04  4.42376E+00  1.35515E-01  3.45649E+00  4.32319E-02  3.51402E+00  4.50481E-02
  1.79001E+02  5.58656E+04  4.47897E+00  1.44285E-01  3.47379E+00  4.37751E-02  3.53204E+00  4.55349E-02
  1.80001E+02  5.55552E+04  4.53777E+00  1.53971E-01  3.49132E+00  4.44452E-02  3.55027E+00  4.61358E-02
  1.81001E+02  5.52483E+04  4.60051E+00  1.64709E-01  3.50913E+00  4.52506E-02  3.56876E+00  4.68557E-02
  1.82001E+02  5.49448E+04  4.66764E+00  1.76663E-01  3.52729E+00  4.62013E-02  3.58756E+00  4.77008E-02
  1.83001E+02  5.46445E+04  4.73964E+00  1.90030E-01  3.54585E+00  4.73100E-02  3.60672E+00  4.86785E-02
  1.84001E+02  5.43475E+04  4.81708E+00  2.05048E-01  3.56487E+00  4.85922E-02  3.62629E+00  4.97982E-02
  1.85001E+02  5.40538E+04  4.90064E+00  2.22012E-01  3.58442E+00  5.00667E-02  3.64632E+00  5.10708E-02
  1.86001E+02  5.37632E+04  4.99108E+00  2.41282E-01  3.60459E+00  5.17564E-02  3.66688E+00  5.25096E-02
  1.87001E+02  5.34756E+04  5.08933E+00  2.63312E-01  3.62545E+00  5.36892E-02  3.68805E+00  5.41301E-02
  1.88001E+02  5.31912E+04  5.19648E+00  2.88674E-01  3.64711E+00  5.58995E-02  3.70988E+00  5.59508E-02
  1.89001E+02  5.29098E+04  5.31384E+00  3.18098E-01  3.66967E+00  5.84295E-02  3.73246E+00  5.79934E-02
  1.90001E+02  5.26313E+04  5.44300E+00  3.52532E-01  3.69327E+00  6.13315E-02  3.75589E+00  6.02840E-02
  1.91001E+02  5.23557E+04  5.58589E+00  3.93221E-01  3.71805E+00  6.46708E-02  3.78026E+00  6.28531E-02
  1.92001E+02  5.20831E+04  5.74488E+00  4.41833E-01  3.74419E+00  6.85297E-02  3.80568E+00  6.57375E-02
  1.93001E+02  5.18132E+04  5.92290E+00  5.00638E-01  3.77189E+00  7.30132E-02  3.83229E+00  6.89807E-02
  1.94001E+02  5.15461E+04  6.12364E+00  5.72793E-01  3.80140E+00  7.82566E-02  3.86023E+00  7.26353E-02
  1.95001E+02  5.12818E+04  6.35173E+00  6.62798E-01  3.83301E+00  8.44366E-02  3.88966E+00  7.67649E-02
  1.96001E+02  5.10201E+04  6.61303E+00  7.77235E-01  3.86708E+00  9.17879E-02  3.92078E+00  8.14465E-02
  1.97001E+02  5.07612E+04  6.91494E+00  9.26024E-01  3.90405E+00  1.00627E-01  3.95381E+00  8.67748E-02
  1.98001E+02  5.05048E+04  7.26658E+00  1.12463E+00  3.94446E+00  1.11390E-01  3.98900E+00  9.28663E-02
  1.99001E+02  5.02510E+04  7.67844E+00  1.39801E+00  3.98901E+00  1.24689E-01  4.02667E+00  9.98661E-02
  2.00001E+02  4.99998E+04  8.16001E+00  1.78793E+00  4.03856E+00  1.41406E-01  4.06718E+00  1.07957E-01
  2.01001E+02  4.97510E+04  8.71069E+00  2.36594E+00  4.09420E+00  1.62845E-01  4.11095E+00  1.17370E-01
  2.02001E+02  4.95047E+04  9.28941E+00  3.25225E+00  4.15731E+00  1.90996E-01  4.15851E+00  1.28403E-01
  2.03001E+02  4.92608E+04  9.72719E+00  4.61512E+00  4.22961E+00  2.28994E-01  4.21048E+00  1.41444E-01
  2.04001E+02  4.90194E+04  9.57343E+00  6.50796E+00  4.31300E+00  2.81963E-01  4.26764E+00  1.57004E-01
  2.05001E+02  4.87802E+04  8.28523E+00  8.36712E+00  4.40913E+00  3.58570E-01  4.33094E+00  1.75769E-01
  2.06001E+02  4.85435E+04  6.23867E+00  9.21226E+00  4.51735E+00  4.73856E-01  4.40156E+00  1.98678E-01
  2.07001E+02  4.83089E+04  4.43202E+00  9.03468E+00  4.62827E+00  6.53572E-01  4.48100E+00  2.27037E-01
  2.08001E+02  4.80767E+04  3.19121E+00  8.43576E+00  4.70431E+00  9.35483E-01  4.57114E+00  2.62708E-01
  2.09001E+02  4.78467E+04  2.38600E+00  7.77330E+00  4.63960E+00  1.33721E+00  4.67440E+00  3.08412E-01
  2.10001E+02  4.76188E+04  1.85411E+00  7.16431E+00  4.27892E+00  1.72551E+00  4.79384E+00  3.68245E-01
  2.11001E+02  4.73931E+04  1.48944E+00  6.63175E+00  3.70000E+00  1.79183E+00  4.93327E+00  4.48563E-01
  2.12001E+02  4.71696E+04  1.22968E+00  6.17080E+00  3.26375E+00  1.49667E+00  5.09724E+00  5.59582E-01
  2.13001E+02  4.69481E+04  1.03822E+00  5.77053E+00  3.12113E+00  1.10566E+00  5.29026E+00  7.18316E-01
  2.14001E+02  4.67288E+04  8.92901E-01  5.42020E+00  3.17215E+00  8.00958E-01  5.51383E+00  9.53922E-01
  2.15001E+02  4.65114E+04  7.79837E-01  5.11075E+00  3.29654E+00  6.07160E-01  5.75623E+00  1.31644E+00
  2.16001E+02  4.62961E+04  6.89998E-01  4.83491E+00  3.43705E+00  4.93049E-01  5.96092E+00  1.88357E+00
  2.17001E+02  4.60827E+04  6.17324E-01  4.58689E+00  3.57667E+00  4.30196E-01  5.95396E+00  2.72179E+00
  2.18001E+02  4.58713E+04  5.57631E-01  4.36211E+00  3.71349E+00  4.01823E-01  5.42639E+00  3.67946E+00
  2.19001E+02  4.56619E+04  5.07951E-01  4.15690E+00  3.85030E+00  3.99713E-01  4.35123E+00  4.23436E+00
  2.20001E+02  4.54543E+04  4.66133E-01  3.96831E+00  3.99139E+00  4.21401E-01  3.25013E+00  4.14426E+00
  2.21001E+02  4.52487E+04  4.30586E-01  3.79396E+00  4.14155E+00  4.69102E-01  2.46281E+00  3.69709E+00
  2.22001E+02  4.50448E+04  4.00113E-01  3.63188E+00  4.30565E+00  5.50245E-01  1.97172E+00  3.15519E+00
  2.23001E+02  4.48428E+04  3.73797E-01  3.48043E+00  4.48756E+00  6.79861E-01  1.68529E+00  2.61895E+00
  2.24001E+02  4.46427E+04  3.50928E-01  3.33826E+00  4.68607E+00  8.85539E-01  1.54218E+00  2.11384E+00
  2.25001E+02  4.44442E+04  3.30947E-01  3.20422E+00  4.88160E+00  1.21463E+00  1.51451E+00  1.64814E+00
  2.26001E+02  4.42476E+04  3.13412E-01  3.07733E+00  4.99834E+00  1.73154E+00  1.58921E+00  1.24025E+00
  2.27001E+02  4.40527E+04  2.97967E-01  2.95675E+00  4.84236E+00  2.44155E+00  1.73863E+00  9.18765E-01
  2.28001E+02  4.38595E+04  2.84326E-01  2.84176E+00  4.20363E+00  3.07793E+00  1.91567E+00  6.90882E-01
  2.29001E+02  4.36679E+04  2.72256E-01  2.73174E+00  3.28750E+00  3.23173E+00  2.08583E+00  5.35755E-01
  2.30001E+02  4.34781E+04  2.61566E-01  2.62611E+00  2.52739E+00  2.93555E+00  2.23701E+00  4.28746E-01
  2.31001E+02  4.32899E+04  2.52102E-01  2.52439E+00  2.05164E+00  2.45643E+00  2.36832E+00  3.52577E-01
  2.32001E+02  4.31033E+04  2.43735E-01  2.42613E+00  1.80846E+00  1.94830E+00  2.48226E+00  2.96585E-01
  2.33001E+02  4.29183E+04  2.36361E-01  2.33094E+00  1.74131E+00  1.47456E+00  2.58176E+00  2.54248E-01
  2.34001E+02  4.27349E+04  2.29898E-01  2.23845E+00  1.80613E+00  1.07787E+00  2.66945E+00  2.21465E-01
  2.35001E+02  4.25530E+04  2.24277E-01  2.14833E+00  1.94515E+00  7.85322E-01  2.74748E+00  1.95573E-01
  2.36001E+02  4.23727E+04  2.19450E-01  2.06026E+00  2.10218E+00  5.86947E-01  2.81755E+00  1.74780E-01
  2.37001E+02  4.21939E+04  2.15378E-01  1.97394E+00  2.24877E+00  4.54139E-01  2.88104E+00  1.57847E-01
  2.38001E+02  4.20166E+04  2.12041E-01  1.88909E+00  2.37739E+00  3.62967E-01  2.93904E+00  1.43895E-01
  2.39001E+02  4.18408E+04  2.09429E-01  1.80543E+00  2.48857E+00  2.98208E-01  2.99242E+00  1.32283E-01
  2.40001E+02  4.16665E+04  2.07552E-01  1.72269E+00  2.58484E+00  2.50696E-01  3.04189E+00  1.22537E-01
  2.41001E+02  4.14936E+04  2.06434E-01  1.64057E+00  2.66887E+00  2.14845E-01  3.08806E+00  1.14301E-01
  2.42001E+02  4.13221E+04  2.06121E-01  1.55880E+00  2.74292E+00  1.87141E-01  3.13139E+00  1.07298E-01
  2.43001E+02  4.11521E+04  2.06685E-01  1.47705E+00  2.80884E+00  1.65300E-01  3.17229E+00  1.01318E-01
  2.44001E+02  4.09834E+04  2.08235E-01  1.39500E+00  2.86807E+00  1.47784E-01  3.21110E+00  9.61925E-02
  2.45001E+02  4.08162E+04  2.10925E-01  1.31228E+00  2.92177E+00  1.33532E-01  3.24811E+00  9.17883E-02
  2.46001E+02  4.06502E+04  2.14979E-01  1.22845E+00  2.97085E+00  1.21791E-01  3.28357E+00  8.79992E-02
  2.47001E+02  4.04857E+04  2.20722E-01  1.14304E+00  3.01606E+00  1.12015E-01  3.31769E+00  8.47387E-02
  2.48001E+02  4.03224E+04  2.28635E-01  1.05547E+00  3.05798E+00  1.03800E-01  3.35065E+00  8.19366E-02
  2.49001E+02  4.01605E+04  2.39454E-01  9.65072E-01  3.09711E+00  9.68424E-02  3.38261E+00  7.95353E-02
  2.50001E+02  3.99998E+04  2.54333E-01  8.71088E-01  3.13384E+00  9.09100E-02  3.41373E+00  7.74870E-02
  2.51001E+02  3.98405E+04  2.75147E-01  7.72780E-01  3.16851E+00  8.58227E-02  3.44412E+00  7.57526E-02
  2.52001E+02  3.96824E+04  3.04975E-01  6.69839E-01  3.20139E+00  8.14392E-02  3.47390E+00  7.42991E-02
  2.53001E+02  3.95255E+04  3.48545E-01  5.63682E-01  3.23273E+00  7.76474E-02  3.50316E+00  7.30995E-02
  2.54001E+02  3.93699E+04  4.11018E-01  4.60172E-01  3.26273E+00  7.43573E-02  3.53202E+00  7.21310E-02
  2.55001E+02  3.92155E+04  4.92097E-01  3.70368E-01  3.29155E+00  7.14961E-02  3.56054E+00  7.13747E-02
  2.56001E+02  3.90623E+04  5.82014E-01  3.02038E-01  3.31935E+00  6.90045E-02  3.58881E+00  7.08150E-02
  2.57001E+02  3.89104E+04  6.70214E-01  2.53213E-01  3.34625E+00  6.68334E-02  3.61691E+00  7.04391E-02
  2.58001E+02  3.87595E+04  7.51996E-01  2.18059E-01  3.37238E+00  6.49425E-02  3.64490E+00  7.02365E-02
  2.59001E+02  3.86099E+04  8.26576E-01  1.91855E-01  3.39782E+00  6.32981E-02  3.67284E+00  7.01987E-02
  2.60001E+02  3.84614E+04  8.94527E-01  1.71592E-01  3.42268E+00  6.18718E-02  3.70081E+00  7.03194E-02
  2.61001E+02  3.83140E+04  9.56704E-01  1.55421E-01  3.44702E+00  6.06399E-02  3.72886E+00  7.05937E-02
  2.62001E+02  3.81678E+04  1.01392E+00  1.42178E-01  3.47092E+00  5.95822E-02  3.75705E+00  7.10183E-02
  2.63001E+02  3.80227E+04  1.06686E+00  1.31107E-01  3.49444E+00  5.86816E-02  3.78545E+00  7.15914E-02
  2.64001E+02  3.78786E+04  1.11611E+00  1.21695E-01  3.51764E+00  5.79236E-02  3.81410E+00  7.23126E-02
  2.65001E+02  3.77357E+04  1.16213E+00  1.13581E-01  3.54058E+00  5.72956E-02  3.84307E+00  7.31827E-02
  2.66001E+02  3.75938E+04  1.20532E+00  1.06506E-01  3.56330E+00  5.67871E-02  3.87241E+00  7.42039E-02
  2.67001E+02  3.74530E+04  1.24600E+00  1.00279E-01  3.58584E+00  5.63890E-02  3.90219E+00  7.53797E-02
  2.68001E+02  3.73133E+04  1.28444E+00  9.47530E-02  3.60825E+00  5.60933E-02  3.93247E+00  7.67151E-02
  2.69001E+02  3.71746E+04  1.32087E+00  8.98158E-02  3.63057E+00  5.58934E-02  3.96331E+00  7.82162E-02
  2.70001E+02  3.70369E+04  1.35551E+00  8.53785E-02  3.65283E+00  5.57836E-02  3.99478E+00  7.98910E-02
  2.71001E+02  3.69002E+04  1.38851E+00  8.13703E-02  3.67506E+00  5.57590E-02  4.02694E+00  8.17488E-02
  2.72001E+02  3.67646E+04  1.42002E+00  7.77339E-02  3.69731E+00  5.58155E-02  4.05988E+00  8.38011E-02
  2.73001E+02  3.66299E+04  1.45019E+00  7.44225E-02  3.71960E+00  5.59496E-02  4.09366E+00  8.60611E-02
  2.74001E+02  3.64962E+04  1.47912E+00  7.13971E-02  3.74195E+00  5.61583E-02  4.12838E+00  8.85442E-02
  2.75001E+02  3.63635E+04  1.50691E+00  6.86256E-02  3.76441E+00  5.64395E-02  4.16412E+00  9.12687E-02
  2.76001E+02  3.62318E+04  1.53367E+00  6.60807E-02  3.78700E+00  5.67911E-02  4.20099E+00  9.42556E-02
  2.77001E+02  3.61010E+04  1.55946E+00  6.37393E-02  3.80974E+00  5.72117E-02  4.23909E+00  9.75291E-02
  2.78001E+02  3.59711E+04  1.58437E+00  6.15821E-02  3.83266E+00  5.77003E-02  4.27853E+00  1.01118E-01
  2.79001E+02  3.58422E+04  1.60847E+00  5.95922E-02  3.85579E+00  5.82562E-02  4.31944E+00  1.05054E-01
  2.80001E+02  3.57142E+04  1.63181E+00  5.77553E-02  3.87916E+00  5.88791E-02  4.36197E+00  1.09377E-01
  2.81001E+02  3.55871E+04  1.65446E+00  5.60593E-02  3.90279E+00  5.95689E-02  4.40628E+00  1.14131E-01
  2.82001E+02  3.54609E+04  1.67646E+00  5.44935E-02  3.92671E+00  6.03262E-02  4.45253E+00  1.19369E-01
  2.83001E+02  3.53356E+04  1.69786E+00  5.30490E-02  3.95095E+00  6.11514E-02  4.50092E+00  1.25152E-01
  2.84001E+02  3.52111E+04  1.71872E+00  5.17182E-02  3.97553E+00  6.20456E-02  4.55169E+00  1.31553E-01
  2.85001E+02  3.50876E+04  1.73907E+00  5.04946E-02  4.00048E+00  6.30101E-02  4.60507E+00  1.38659E-01
  2.86001E+02  3.49649E+04  1.75896E+00  4.93727E-02  4.02583E+00  6.40463E-02  4.66136E+00  1.46574E-01
  2.87001E+02  3.48431E+04  1.77842E+00  4.83484E-02  4.05160E+00  6.51563E-02  4.72088E+00  1.55422E-01
  2.88001E+02  3.47221E+04  1.79749E+00  4.74181E-02  4.07784E+00  6.63421E-02  4.78400E+00  1.65354E-01
  2.89001E+02  3.46020E+04  1.81621E+00  4.65796E-02  4.10456E+00  6.76064E-02  4.85118E+00  1.76554E-01
  2.90001E+02  3.44826E+04  1.83462E+00  4.58312E-02  4.13180E+00  6.89521E-02  4.92291E+00  1.89249E-01
  2.91001E+02  3.43641E+04  1.85274E+00  4.51724E-02  4.15959E+00  7.03823E-02  4.99979E+00  2.03719E-01
  2.92001E+02  3.42465E+04  1.87062E+00  4.46038E-02  4.18797E+00  7.19007E-02  5.08254E+00  2.20316E-01
  2.93001E+02  3.41296E+04  1.88828E+00  4.41270E-02  4.21697E+00  7.35115E-02  5.17199E+00  2.39486E-01
  2.94001E+02  3.40135E+04  1.90577E+00  4.37448E-02  4.24663E+00  7.52189E-02  5.26915E+00  2.61803E-01
  2.95001E+02  3.38982E+04  1.92312E+00  4.34614E-02  4.27699E+00  7.70281E-02  5.37525E+00  2.88008E-01
  2.96001E+02  3.37837E+04  1.94038E+00  4.32829E-02  4.30808E+00  7.89444E-02  5.49179E+00  3.19084E-01
  2.97001E+02  3.36699E+04  1.95758E+00  4.32170E-02  4.33997E+00  8.09740E-02  5.62059E+00  3.56345E-01
  2.98001E+02  3.35569E+04  1.97476E+00  4.32741E-02  4.37268E+00  8.31234E-02  5.76396E+00  4.01589E-01
  2.99001E+02  3.34447E+04  1.99198E+00  4.34673E-02  4.40627E+00  8.53999E-02  5.92477E+00  4.57318E-01
  3.00001E+02  3.33332E+04  2.00930E+00  4.38137E-02  4.44079E+00  8.78116E-02  6.10664E+00  5.27106E-01
  3.01001E+02  3.32225E+04  2.02676E+00  4.43348E-02  4.47630E+00  9.03674E-02  6.31418E+00  6.16188E-01
  3.02001E+02  3.31125E+04  2.04445E+00  4.50584E-02  4.51285E+00  9.30770E-02  6.55321E+00  7.32462E-01
  3.03001E+02  3.30032E+04  2.06243E+00  4.60201E-02  4.55051E+00  9.59510E-02  6.83094E+00  8.88239E-01
  3.04001E+02  3.28946E+04  2.08081E+00  4.72662E-02  4.58934E+00  9.90015E-02  7.15574E+00  1.10341E+00
  3.05001E+02  3.27868E+04  2.09970E+00  4.88572E-02  4.62942E+00  1.02242E-01  7.53532E+00  1.41122E+00
  3.06001E+02  3.26796E+04  2.11922E+00  5.08733E-02  4.67082E+00  1.05686E-01  7.96982E+00  1.86874E+00
  3.07001E+02  3.25732E+04  2.13955E+00  5.34222E-02  4.71362E+00  1.09350E-01  8.42858E+00  2.57248E+00
  3.08001E+02  3.24674E+04  2.16087E+00  5.66506E-02  4.75793E+00  1.13252E-01  8.78190E+00  3.66173E+00
  3.09001E+02  3.23624E+04  2.18343E+00  6.07623E-02  4.80383E+00  1.17412E-01  8.67081E+00  5.20131E+00
  3.10001E+02  3.22580E+04  2.20755E+00  6.60460E-02  4.85143E+00  1.21852E-01  7.61214E+00  6.76868E+00
  3.11001E+02  3.21542E+04  2.23363E+00  7.29203E-02  4.90084E+00  1.26597E-01  5.83902E+00  7.50506E+00
  3.12001E+02  3.20512E+04  2.26216E+00  8.20084E-02  4.95219E+00  1.31674E-01  4.22346E+00  7.31462E+00
  3.13001E+02  3.19488E+04  2.29378E+00  9.42657E-02  5.00562E+00  1.37115E-01  3.10524E+00  6.71455E+00
  3.14001E+02  3.18470E+04  2.32927E+00  1.11205E-01  5.06127E+00  1.42955E-01  2.38493E+00  6.03966E+00
  3.15001E+02  3.17459E+04  2.36953E+00  1.35310E-01  5.11931E+00  1.49234E-01  1.91773E+00  5.40285E+00
  3.16001E+02  3.16455E+04  2.41527E+00  1.70793E-01  5.17991E+00  1.55996E-01  1.60734E+00  4.82673E+00
  3.17001E+02  3.15456E+04  2.46609E+00  2.24983E-01  5.24328E+00  1.63292E-01  1.39758E+00  4.30657E+00
  3.18001E+02  3.14464E+04  2.51726E+00  3.10454E-01  5.30963E+00  1.71182E-01  1.25639E+00  3.83121E+00
  3.19001E+02  3.13479E+04  2.55012E+00  4.45654E-01  5.37920E+00  1.79731E-01  1.16585E+00  3.38915E+00
  3.20001E+02  3.12499E+04  2.51224E+00  6.39017E-01  5.45227E+00  1.89017E-01  1.11692E+00  2.97006E+00
  3.21001E+02  3.11526E+04  2.32661E+00  8.23754E-01  5.52914E+00  1.99129E-01  1.10731E+00  2.56527E+00
  3.22001E+02  3.10558E+04  2.03388E+00  8.45010E-01  5.61014E+00  2.10170E-01  1.14125E+00  2.16887E+00
  3.23001E+02  3.09597E+04  1.81804E+00  6.87380E-01  5.69565E+00  2.22259E-01  1.22980E+00  1.78163E+00
  3.24001E+02  3.08641E+04  1.74840E+00  4.90498E-01  5.78610E+00  2.35539E-01  1.38610E+00  1.41941E+00
  3.25001E+02  3.07691E+04  1.76672E+00  3.40511E-01  5.88197E+00  2.50174E-01  1.60595E+00  1.11464E+00
  3.26001E+02  3.06748E+04  1.81403E+00  2.43146E-01  5.98382E+00  2.66364E-01  1.85585E+00  8.88366E-01
  3.27001E+02  3.05809E+04  1.86458E+00  1.81377E-01  6.09228E+00  2.84343E-01  2.10171E+00  7.30806E-01
  3.28001E+02  3.04877E+04  1.91077E+00  1.41173E-01  6.20807E+00  3.04394E-01  2.32904E+00  6.21046E-01
  3.29001E+02  3.03950E+04  1.95132E+00  1.14009E-01  6.33202E+00  3.26862E-01  2.53597E+00  5.42660E-01
  3.30001E+02  3.03029E+04  1.98674E+00  9.49684E-02  6.46512E+00  3.52165E-01  2.72486E+00  4.85212E-01
  3.31001E+02  3.02114E+04  2.01789E+00  8.11768E-02  6.60850E+00  3.80822E-01  2.89890E+00  4.42282E-01
  3.32001E+02  3.01204E+04  2.04558E+00  7.08994E-02  6.76350E+00  4.13477E-01  3.06105E+00  4.09835E-01
  3.33001E+02  3.00299E+04  2.07048E+00  6.30519E-02  6.93171E+00  4.50941E-01  3.21382E+00  3.85255E-01
  3.34001E+02  2.99400E+04  2.09314E+00  5.69333E-02  7.11503E+00  4.94250E-01  3.35933E+00  3.66793E-01
  3.35001E+02  2.98507E+04  2.11395E+00  5.20765E-02  7.31573E+00  5.44737E-01  3.49935E+00  3.53253E-01
  3.36001E+02  2.97618E+04  2.13326E+00  4.81611E-02  7.53660E+00  6.04153E-01  3.63542E+00  3.43807E-01
  3.37001E+02  2.96735E+04  2.15132E+00  4.49624E-02  7.78103E+00  6.74826E-01  3.76884E+00  3.37879E-01
  3.38001E+02  2.95857E+04  2.16834E+00  4.23189E-02  8.05323E+00  7.59914E-01  3.90081E+00  3.35075E-01
  3.39001E+02  2.94984E+04  2.18448E+00  4.01124E-02  8.35843E+00  8.63790E-01  4.03240E+00  3.35142E-01
  3.40001E+02  2.94117E+04  2.19988E+00  3.82550E-02  8.70323E+00  9.92645E-01  4.16466E+00  3.37934E-01
  3.41001E+02  2.93254E+04  2.21464E+00  3.66800E-02  9.09594E+00  1.15548E+00  4.29857E+00  3.43402E-01
  3.42001E+02  2.92397E+04  2.22886E+00  3.53364E-02  9.54708E+00  1.36578E+00  4.43515E+00  3.51582E-01
  3.43001E+02  2.91544E+04  2.24261E+00  3.41842E-02  1.00697E+01  1.64438E+00  4.57542E+00  3.62594E-01
  3.44001E+02  2.90697E+04  2.25595E+00  3.31924E-02  1.06790E+01  2.02469E+00  4.72047E+00  3.76647E-01
  3.45001E+02  2.89854E+04  2.26895E+00  3.23360E-02  1.13902E+01  2.56220E+00  4.87150E+00  3.94049E-01
  3.46001E+02  2.89017E+04  2.28164E+00  3.15952E-02  1.22073E+01  3.35166E+00  5.02979E+00  4.15229E-01
  3.47001E+02  2.88184E+04  2.29407E+00  3.09536E-02  1.30884E+01  4.55386E+00  5.19685E+00  4.40757E-01
  3.48001E+02  2.87355E+04  2.30627E+00  3.03983E-02  1.38384E+01  6.40826E+00  5.37435E+00  4.71394E-01
  3.49001E+02  2.86532E+04  2.31827E+00  2.99184E-02  1.38893E+01  9.07026E+00  5.56429E+00  5.08144E-01
  3.50001E+02  2.85713E+04  2.33010E+00  2.95049E-02  1.23813E+01  1.19441E+01  5.76903E+00  5.52344E-01
  3.51001E+02  2.84899E+04  2.34178E+00  2.91504E-02  9.51757E+00  1.35583E+01  5.99139E+00  6.05789E-01
  3.52001E+02  2.84090E+04  2.35334E+00  2.88486E-02  6.76596E+00  1.35599E+01  6.23485E+00  6.70925E-01
  3.53001E+02  2.83285E+04  2.36479E+00  2.85944E-02  4.82199E+00  1.27913E+01  6.50368E+00  7.51143E-01
  3.54001E+02  2.82485E+04  2.37615E+00  2.83832E-02  3.55828E+00  1.18639E+01  6.80319E+00  8.51241E-01
  3.55001E+02  2.81689E+04  2.38743E+00  2.82114E-02  2.72912E+00  1.09953E+01  7.14009E+00  9.78181E-01
  3.56001E+02  2.80898E+04  2.39866E+00  2.80758E-02  2.16537E+00  1.02345E+01  7.52281E+00  1.14235E+00
  3.57001E+02  2.80111E+04  2.40984E+00  2.79737E-02  1.76694E+00  9.57918E+00  7.96180E+00  1.35972E+00
  3.58001E+02  2.79329E+04  2.42099E+00  2.79027E-02  1.47525E+00  9.01417E+00  8.46952E+00  1.65581E+00
  3.59001E+02  2.78551E+04  2.43212E+00  2.78611E-02  1.25511E+00  8.52375E+00  9.05871E+00  2.07272E+00
  3.60001E+02  2.77777E+04  2.44324E+00  2.78470E-02  1.08460E+00  8.09442E+00  9.73536E+00  2.68216E+00
  3.61001E+02  2.77008E+04  2.45436E+00  2.78592E-02  9.49594E-01  7.71526E+00  1.04743E+01  3.60648E+00
  3.62001E+02  2.76242E+04  2.46549E+00  2.78963E-02  8.40668E-01  7.37760E+00  1.11441E+01  5.03455E+00
  3.63001E+02  2.75481E+04  2.47664E+00  2.79575E-02  7.51346E-01  7.07459E+00  1.13364E+01  7.12743E+00
  3.64001E+02  2.74725E+04  2.48782E+00  2.80418E-02  6.77063E-01  6.80077E+00  1.03385E+01  9.53359E+00
  3.65001E+02  2.73972E+04  2.49904E+00  2.81487E-02  6.14524E-01  6.55175E+00  8.10532E+00  1.10769E+01
  3.66001E+02  2.73223E+04  2.51030E+00  2.82775E-02  5.61301E-01  6.32398E+00  5.79037E+00  1.12492E+01
  3.67001E+02  2.72479E+04  2.52163E+00  2.84279E-02  5.15570E-01  6.11458E+00  4.10884E+00  1.06835E+01
  3.68001E+02  2.71738E+04  2.53301E+00  2.85995E-02  4.75941E-01  5.92116E+00  3.01198E+00  9.93718E+00
  3.69001E+02  2.71002E+04  2.54447E+00  2.87922E-02  4.41337E-01  5.74174E+00  2.29581E+00  9.22332E+00
  3.70001E+02  2.70270E+04  2.55601E+00  2.90058E-02  4.10912E-01  5.57465E+00  1.81222E+00  8.59455E+00
  3.71001E+02  2.69541E+04  2.56765E+00  2.92402E-02  3.83995E-01  5.41850E+00  1.47273E+00  8.05227E+00
  3.72001E+02  2.68816E+04  2.57937E+00  2.94956E-02  3.60046E-01  5.27210E+00  1.22571E+00  7.58494E+00
  3.73001E+02  2.68096E+04  2.59121E+00  2.97720E-02  3.38629E-01  5.13442E+00  1.04029E+00  7.17966E+00
  3.74001E+02  2.67379E+04  2.60316E+00  3.00697E-02  3.19385E-01  5.00458E+00  8.97352E-01  6.82518E+00
  3.75001E+02  2.66666E+04  2.61523E+00  3.03890E-02  3.02019E-01  4.88183E+00  7.84656E-01  6.51233E+00
  3.76001E+02  2.65957E+04  2.62744E+00  3.07301E-02  2.86285E-01  4.76550E+00  6.94070E-01  6.23387E+00
  3.77001E+02  2.65251E+04  2.63978E+00  3.10935E-02  2.71977E-01  4.65502E+00  6.20035E-01  5.98404E+00
  3.78001E+02  2.64550E+04  2.65228E+00  3.14798E-02  2.58921E-01  4.54986E+00  5.58652E-01  5.75826E+00
  3.79001E+02  2.63852E+04  2.66493E+00  3.18893E-02  2.46971E-01  4.44959E+00  5.07114E-01  5.55290E+00
  3.80001E+02  2.63157E+04  2.67775E+00  3.23229E-02  2.35999E-01  4.35380E+00  4.63363E-01  5.36498E+00
  3.81001E+02  2.62467E+04  2.69075E+00  3.27812E-02  2.25899E-01  4.26214E+00  4.25856E-01  5.19211E+00
  3.82001E+02  2.61779E+04  2.70394E+00  3.32650E-02  2.16577E-01  4.17429E+00  3.93422E-01  5.03231E+00
  3.83001E+02  2.61096E+04  2.71732E+00  3.37751E-02  2.07953E-01  4.08996E+00  3.65154E-01  4.88394E+00
  3.84001E+02  2.60416E+04  2.73092E+00  3.43126E-02  1.99956E-01  4.00890E+00  3.40345E-01  4.74562E+00
  3.85001E+02  2.59740E+04  2.74473E+00  3.48784E-02  1.92525E-01  3.93087E+00  3.18432E-01  4.61620E+00
  3.86001E+02  2.59067E+04  2.75877E+00  3.54736E-02  1.85607E-01  3.85567E+00  2.98966E-01  4.49470E+00
  3.87001E+02  2.58397E+04  2.77306E+00  3.60996E-02  1.79154E-01  3.78310E+00  2.81582E-01  4.38028E+00
  3.88001E+02  2.57731E+04  2.78760E+00  3.67576E-02  1.73124E-01  3.71300E+00  2.65984E-01  4.27222E+00
  3.89001E+02  2.57069E+04  2.80242E+00  3.74491E-02  1.67480E-01  3.64520E+00  2.51925E-01  4.16989E+00
  3.90001E+02  2.56410E+04  2.81751E+00  3.81756E-02  1.62190E-01  3.57956E+00  2.39203E-01  4.07276E+00
  3.91001E+02  2.55754E+04  2.83290E+00  3.89389E-02  1.57223E-01  3.51595E+00  2.27646E-01  3.98034E+00
  3.92001E+02  2.55101E+04  2.84860E+00  3.97407E-02  1.52555E-01  3.45424E+00  2.17113E-01  3.89223E+00
  3.93001E+02  2.54452E+04  2.86463E+00  4.05831E-02  1.48160E-01  3.39432E+00  2.07481E-01  3.80805E+00
  3.94001E+02  2.53806E+04  2.88100E+00  4.14682E-02  1.44018E-01  3.33610E+00  1.98647E-01  3.72748E+00
  3.95001E+02  2.53164E+04  2.89773E+00  4.23982E-02  1.40110E-01  3.27947E+00  1.90523E-01  3.65023E+00
  3.96001E+02  2.52525E+04  2.91485E+00  4.33758E-02  1.36419E-01  3.22435E+00  1.83032E-01  3.57604E+00
  3.97001E+02  2.51889E+04  2.93236E+00  4.44036E-02  1.32929E-01  3.17064E+00  1.76108E-01  3.50468E+00
  3.98001E+02  2.51256E+04  2.95029E+00  4.54846E-02  1.29625E-01  3.11829E+00  1.69694E-01  3.43594E+00
  3.99001E+02  2.50626E+04  2.96866E+00  4.66220E-02  1.26496E-01  3.06721E+00  1.63740E-01  3.36963E+00
  4.00001E+02  2.49999E+04  2.98749E+00  4.78192E-02  1.23529E-01  3.01734E+00  1.58201E-01  3.30559E+00
  4.01001E+02  2.49376E+04  3.00682E+00  4.90800E-02  1.20714E-01  2.96862E+00  1.53040E-01  3.24366E+00
  4.02001E+02  2.48756E+04  3.02665E+00  5.04084E-02  1.18040E-01  2.92099E+00  1.48223E-01  3.18369E+00
  4.03001E+02  2.48138E+04  3.04703E+00  5.18091E-02  1.15500E-01  2.87439E+00  1.43718E-01  3.12556E+00
  4.04001E+02  2.47524E+04  3.06798E+00  5.32868E-02  1.13085E-01  2.82878E+00  1.39501E-01  3.06916E+00
  4.05001E+02  2.46913E+04  3.08954E+00  5.48469E-02  1.10787E-01  2.78411E+00  1.35546E-01  3.01437E+00
  4.06001E+02  2.46305E+04  3.11172E+00  5.64951E-02  1.08600E-01  2.74032E+00  1.31832E-01  2.96109E+00
  4.07001E+02  2.45700E+04  3.13459E+00  5.82379E-02  1.06517E-01  2.69739E+00  1.28341E-01  2.90924E+00
  4.08001E+02  2.45097E+04  3.15816E+00  6.00823E-02  1.04532E-01  2.65526E+00  1.25056E-01  2.85873E+00
  4.09001E+02  2.44498E+04  3.18248E+00  6.20359E-02  1.02641E-01  2.61390E+00  1.21960E-01  2.80949E+00
  4.10001E+02  2.43902E+04  3.20761E+00  6.41073E-02  1.00838E-01  2.57328E+00  1.19041E-01  2.76144E+00
  4.11001E+02  2.43308E+04  3.23357E+00  6.63058E-02  9.91182E-02  2.53336E+00  1.16286E-01  2.71451E+00
  4.12001E+02  2.42718E+04  3.26044E+00  6.86416E-02  9.74779E-02  2.49411E+00  1.13682E-01  2.66864E+00
  4.13001E+02  2.42130E+04  3.28826E+00  7.11264E-02  9.59131E-02  2.45550E+00  1.11222E-01  2.62378E+00
  4.14001E+02  2.41545E+04  3.31709E+00  7.37728E-02  9.44202E-02  2.41749E+00  1.08893E-01  2.57987E+00
  4.15001E+02  2.40963E+04  3.34701E+00  7.65949E-02  9.29959E-02  2.38007E+00  1.06690E-01  2.53686E+00
  4.16001E+02  2.40384E+04  3.37807E+00  7.96086E-02  9.16371E-02  2.34319E+00  1.04602E-01  2.49470E+00
  4.17001E+02  2.39808E+04  3.41037E+00  8.28316E-02  9.03409E-02  2.30685E+00  1.02625E-01  2.45335E+00
  4.18001E+02  2.39234E+04  3.44398E+00  8.62837E-02  8.91047E-02  2.27101E+00  1.00751E-01  2.41276E+00
  4.19001E+02  2.38663E+04  3.47901E+00  8.99872E-02  8.79261E-02  2.23566E+00  9.89734E-02  2.37289E+00
  4.20001E+02  2.38095E+04  3.51555E+00  9.39673E-02  8.68028E-02  2.20076E+00  9.72883E-02  2.33372E+00
  4.21001E+02  2.37529E+04  3.55371E+00  9.82526E-02  8.57328E-02  2.16630E+00  9.56901E-02  2.29520E+00
  4.22001E+02  2.36966E+04  3.59363E+00  1.02875E-01  8.47142E-02  2.13225E+00  9.41745E-02  2.25729E+00
  4.23001E+02  2.36406E+04  3.63543E+00  1.07873E-01  8.37453E-02  2.09860E+00  9.27372E-02  2.21998E+00
  4.24001E+02  2.35849E+04  3.67928E+00  1.13287E-01  8.28244E-02  2.06533E+00  9.13746E-02  2.18322E+00
  4.25001E+02  2.35294E+04  3.72534E+00  1.19166E-01  8.19501E-02  2.03241E+00  9.00832E-02  2.14699E+00
  4.26001E+02  2.34741E+04  3.77381E+00  1.25567E-01  8.11211E-02  1.99984E+00  8.88598E-02  2.11126E+00
  4.27001E+02  2.34191E+04  3.82489E+00  1.32555E-01  8.03362E-02  1.96758E+00  8.77016E-02  2.07600E+00
  4.28001E+02  2.33644E+04  3.87882E+00  1.40205E-01  7.95943E-02  1.93564E+00  8.66060E-02  2.04119E+00
  4.29001E+02  2.33100E+04  3.93589E+00  1.48606E-01  7.88944E-02  1.90397E+00  8.55705E-02  2.00681E+00
  4.30001E+02  2.32558E+04  3.99638E+00  1.57862E-01  7.82359E-02  1.87258E+00  8.45931E-02  1.97283E+00
  4.31001E+02  2.32018E+04  4.06065E+00  1.68098E-01  7.76178E-02  1.84145E+00  8.36717E-02  1.93922E+00
  4.32001E+02  2.31481E+04  4.12910E+00  1.79461E-01  7.70398E-02  1.81055E+00  8.28048E-02  1.90597E+00
  4.33001E+02  2.30946E+04  4.20219E+00  1.92129E-01  7.65012E-02  1.77988E+00  8.19906E-02  1.87306E+00
  4.34001E+02  2.30414E+04  4.28044E+00  2.06316E-01  7.60018E-02  1.74941E+00  8.12279E-02  1.84046E+00
  4.35001E+02  2.29885E+04  4.36446E+00  2.22283E-01  7.55412E-02  1.71913E+00  8.05154E-02  1.80815E+00
  4.36001E+02  2.29357E+04  4.45497E+00  2.40354E-01  7.51194E-02  1.68904E+00  7.98523E-02  1.77612E+00
  4.37001E+02  2.28832E+04  4.55281E+00  2.60928E-01  7.47364E-02  1.65910E+00  7.92375E-02  1.74435E+00
  4.38001E+02  2.28310E+04  4.65898E+00  2.84509E-01  7.43924E-02  1.62931E+00  7.86706E-02  1.71280E+00
  4.39001E+02  2.27790E+04  4.77467E+00  3.11735E-01  7.40875E-02  1.59964E+00  7.81509E-02  1.68148E+00
  4.40001E+02  2.27272E+04  4.90130E+00  3.43428E-01  7.38223E-02  1.57010E+00  7.76782E-02  1.65036E+00
  4.41001E+02  2.26757E+04  5.04060E+00  3.80662E-01  7.35973E-02  1.54065E+00  7.72524E-02  1.61941E+00
  4.42001E+02  2.26244E+04  5.19469E+00  4.24861E-01  7.34132E-02  1.51128E+00  7.68734E-02  1.58863E+00
  4.43001E+02  2.25733E+04  5.36619E+00  4.77947E-01  7.32711E-02  1.48198E+00  7.65416E-02  1.55798E+00
  4.44001E+02  2.25225E+04  5.55834E+00  5.42569E-01  7.31721E-02  1.45273E+00  7.62574E-02  1.52747E+00
  4.45001E+02  2.24719E+04  5.77524E+00  6.22455E-01  7.31174E-02  1.42351E+00  7.60215E-02  1.49705E+00
  4.46001E+02  2.24215E+04  6.02203E+00  7.22993E-01  7.31089E-02  1.39431E+00  7.58347E-02  1.46672E+00
  4.47001E+02  2.23713E+04  6.30524E+00  8.52187E-01  7.31482E-02  1.36510E+00  7.56983E-02  1.43646E+00
  4.48001E+02  2.23214E+04  6.63301E+00  1.02232E+00  7.32378E-02  1.33587E+00  7.56137E-02  1.40625E+00
  4.49001E+02  2.22717E+04  7.01508E+00  1.25291E+00  7.33801E-02  1.30659E+00  7.55826E-02  1.37605E+00
  4.50001E+02  2.22222E+04  7.46169E+00  1.57611E+00  7.35781E-02  1.27725E+00  7.56072E-02  1.34587E+00
  4.51001E+02  2.21729E+04  7.97851E+00  2.04653E+00  7.38354E-02  1.24782E+00  7.56900E-02  1.31566E+00
  4.52001E+02  2.21238E+04  8.54920E+00  2.75757E+00  7.41558E-02  1.21828E+00  7.58339E-02  1.28541E+00
  4.53001E+02  2.20750E+04  9.08071E+00  3.85621E+00  7.45442E-02  1.18860E+00  7.60425E-02  1.25509E+00
  4.54001E+02  2.20264E+04  9.27296E+00  5.48383E+00  7.50060E-02  1.15876E+00  7.63199E-02  1.22468E+00
  4.55001E+02  2.19780E+04  8.55896E+00  7.42165E+00  7.55474E-02  1.12872E+00  7.66708E-02  1.19415E+00
  4.56001E+02  2.19298E+04  6.80250E+00  8.75510E+00  7.61760E-02  1.09845E+00  7.71009E-02  1.16347E+00
  4.57001E+02  2.18818E+04  4.88918E+00  8.96711E+00  7.69005E-02  1.06793E+00  7.76169E-02  1.13260E+00
  4.58001E+02  2.18340E+04  3.47019E+00  8.52642E+00  7.77312E-02  1.03710E+00  7.82266E-02  1.10152E+00
  4.59001E+02  2.17864E+04  2.54031E+00  7.91220E+00  7.86806E-02  1.00593E+00  7.89392E-02  1.07018E+00
  4.60001E+02  2.17391E+04  1.93384E+00  7.31691E+00  7.97633E-02  9.74360E-01  7.97658E-02  1.03854E+00
  4.61001E+02  2.16919E+04  1.52527E+00  6.79015E+00  8.09974E-02  9.42350E-01  8.07195E-02  1.00656E+00
  4.62001E+02  2.16450E+04  1.23910E+00  6.33495E+00  8.24045E-02  9.09832E-01  8.18164E-02  9.74189E-01
  4.63001E+02  2.15982E+04  1.03126E+00  5.94224E+00  8.40117E-02  8.76739E-01  8.30756E-02  9.41362E-01
  4.64001E+02  2.15517E+04  8.75453E-01  5.60140E+00  8.58523E-02  8.42989E-01  8.45209E-02  9.08018E-01
  4.65001E+02  2.15053E+04  7.55471E-01  5.30307E+00  8.79687E-02  8.08490E-01  8.61816E-02  8.74082E-01
  4.66001E+02  2.14592E+04  6.60939E-01  5.03962E+00  9.04152E-02  7.73135E-01  8.80945E-02  8.39469E-01
  4.67001E+02  2.14132E+04  5.84990E-01  4.80496E+00  9.32626E-02  7.36794E-01  9.03064E-02  8.04077E-01
  4.68001E+02  2.13675E+04  5.22941E-01  4.59428E+00  9.66050E-02  6.99316E-01  9.28776E-02  7.67792E-01
  4.69001E+02  2.13219E+04  4.71508E-01  4.40375E+00  1.00571E-01  6.60514E-01  9.58874E-02  7.30473E-01
  4.70001E+02  2.12766E+04  4.28334E-01  4.23031E+00  1.05338E-01  6.20166E-01  9.94424E-02  6.91955E-01
  4.71001E+02  2.12314E+04  3.91689E-01  4.07149E+00  1.11165E-01  5.77998E-01  1.03689E-01  6.52037E-01
  4.72001E+02  2.11864E+04  3.60281E-01  3.92527E+00  1.18432E-01  5.33678E-01  1.08833E-01  6.10475E-01
  4.73001E+02  2.11416E+04  3.33128E-01  3.78999E+00  1.27732E-01  4.86816E-01  1.15175E-01  5.66971E-01
  4.74001E+02  2.10970E+04  3.09470E-01  3.66427E+00  1.40007E-01  4.37003E-01  1.23169E-01  5.21167E-01
  4.75001E+02  2.10526E+04  2.88714E-01  3.54697E+00  1.56802E-01  3.83979E-01  1.33524E-01  4.72653E-01
  4.76001E+02  2.10084E+04  2.70391E-01  3.43711E+00  1.80558E-01  3.28188E-01  1.47390E-01  4.21040E-01
  4.77001E+02  2.09643E+04  2.54123E-01  3.33387E+00  2.14341E-01  2.72125E-01  1.66640E-01  3.66238E-01
  4.78001E+02  2.09205E+04  2.39606E-01  3.23655E+00  2.59246E-01  2.21487E-01  1.94091E-01  3.09279E-01
  4.79001E+02  2.08768E+04  2.26591E-01  3.14453E+00  3.11022E-01  1.81763E-01  2.32558E-01  2.53921E-01
  4.80001E+02  2.08333E+04  2.14873E-01  3.05729E+00  3.63337E-01  1.53206E-01  2.81247E-01  2.06574E-01
  4.81001E+02  2.07900E+04  2.04281E-01  2.97438E+00  4.12726E-01  1.32820E-01  3.34279E-01  1.71021E-01
  4.82001E+02  2.07468E+04  1.94673E-01  2.89540E+00  4.58332E-01  1.17797E-01  3.86086E-01  1.45721E-01
  4.83001E+02  2.07039E+04  1.85930E-01  2.81998E+00  5.00327E-01  1.06291E-01  4.34391E-01  1.27477E-01
  4.84001E+02  2.06611E+04  1.77950E-01  2.74783E+00  5.39136E-01  9.71708E-02  4.78875E-01  1.13830E-01
  4.85001E+02  2.06185E+04  1.70647E-01  2.67867E+00  5.75195E-01  8.97328E-02  5.19862E-01  1.03230E-01
  4.86001E+02  2.05761E+04  1.63945E-01  2.61225E+00  6.08878E-01  8.35246E-02  5.57801E-01  9.47299E-02
  4.87001E+02  2.05338E+04  1.57783E-01  2.54835E+00  6.40499E-01  7.82438E-02  5.93113E-01  8.77311E-02
  4.88001E+02  2.04918E+04  1.52104E-01  2.48677E+00  6.70314E-01  7.36817E-02  6.26151E-01  8.18442E-02
  4.89001E+02  2.04499E+04  1.46861E-01  2.42734E+00  6.98534E-01  6.96889E-02  6.57210E-01  7.68052E-02
  4.90001E+02  2.04081E+04  1.42012E-01  2.36989E+00  7.25334E-01  6.61561E-02  6.86530E-01  7.24291E-02
  4.91001E+02  2.03666E+04  1.37520E-01  2.31428E+00  7.50862E-01  6.30012E-02  7.14309E-01  6.85825E-02
  4.92001E+02  2.03252E+04  1.33354E-01  2.26038E+00  7.75240E-01  6.01610E-02  7.40713E-01  6.51667E-02
  4.93001E+02  2.02839E+04  1.29486E-01  2.20806E+00  7.98574E-01  5.75865E-02  7.65881E-01  6.21066E-02
  4.94001E+02  2.02429E+04  1.25891E-01  2.15721E+00  8.20955E-01  5.52386E-02  7.89931E-01  5.93447E-02
  4.95001E+02  2.02020E+04  1.22546E-01  2.10773E+00  8.42461E-01  5.30859E-02  8.12962E-01  5.68353E-02
  4.96001E+02  2.01612E+04  1.19432E-01  2.05953E+00  8.63160E-01  5.11028E-02  8.35061E-01  5.45423E-02
  4.97001E+02  2.01207E+04  1.16533E-01  2.01252E+00  8.83112E-01  4.92682E-02  8.56304E-01  5.24363E-02
  4.98001E+02  2.00803E+04  1.13832E-01  1.96661E+00  9.02371E-01  4.75645E-02  8.76757E-01  5.04932E-02
  4.99001E+02  2.00400E+04  1.11316E-01  1.92174E+00  9.20984E-01  4.59770E-02  8.96476E-01  4.86933E-02
  5.00001E+02  2.00000E+04  1.08972E-01  1.87782E+00  9.38992E-01  4.44931E-02  9.15515E-01  4.70199E-02
  5.01001E+02  1.99600E+04  1.06791E-01  1.83481E+00  9.56435E-01  4.31022E-02  9.33918E-01  4.54590E-02
  5.02001E+02  1.99203E+04  1.04762E-01  1.79262E+00  9.73345E-01  4.17950E-02  9.51727E-01  4.39987E-02
  5.03001E+02  1.98807E+04  1.02878E-01  1.75122E+00  9.89754E-01  4.05637E-02  9.68977E-01  4.26288E-02
  5.04001E+02  1.98412E+04  1.01129E-01  1.71053E+00  1.00569E+00  3.94012E-02  9.85704E-01  4.13404E-02
  5.05001E+02  1.98019E+04  9.95109E-02  1.67051E+00  1.02118E+00  3.83016E-02  1.00194E+00  4.01260E-02
  5.06001E+02  1.97628E+04  9.80167E-02  1.63112E+00  1.03624E+00  3.72595E-02  1.01770E+00  3.89789E-02
  5.07001E+02  1.97238E+04  9.66417E-02  1.59229E+00  1.05090E+00  3.62701E-02  1.03302E+00  3.78932E-02
  5.08001E+02  1.96850E+04  9.53818E-02  1.55398E+00  1.06518E+00  3.53294E-02  1.04793E+00  3.68639E-02
  5.09001E+02  1.96463E+04  9.42336E-02  1.51615E+00  1.07910E+00  3.44335E-02  1.06243E+00  3.58863E-02
  5.10001E+02  1.96078E+04  9.31943E-02  1.47876E+00  1.09267E+00  3.35792E-02  1.07656E+00  3.49564E-02
  5.11001E+02  1.95694E+04  9.22618E-02  1.44176E+00  1.10590E+00  3.27634E-02  1.09033E+00  3.40706E-02
  5.12001E+02  1.95312E+04  9.14349E-02  1.40511E+00  1.11882E+00  3.19835E-02  1.10376E+00  3.32256E-02
  5.13001E+02  1.94931E+04  9.07129E-02  1.36877E+00  1.13144E+00  3.12370E-02  1.11685E+00  3.24186E-02
  5.14001E+02  1.94552E+04  9.00961E-02  1.33270E+00  1.14376E+00  3.05217E-02  1.12964E+00  3.16468E-02
  5.15001E+02  1.94174E+04  8.95853E-02  1.29686E+00  1.15581E+00  2.98355E-02  1.14212E+00  3.09080E-02
  5.16001E+02  1.93798E+04  8.91824E-02  1.26120E+00  1.16759E+00  2.91767E-02  1.15432E+00  3.01999E-02
  5.17001E+02  1.93423E+04  8.88902E-02  1.22569E+00  1.17911E+00  2.85436E-02  1.16624E+00  2.95206E-02
  5.18001E+02  1.93050E+04  8.87127E-02  1.19027E+00  1.19039E+00  2.79346E-02  1.17789E+00  2.88683E-02
  5.19001E+02  1.92678E+04  8.86551E-02  1.15490E+00  1.20142E+00  2.73484E-02  1.18929E+00  2.82413E-02
  5.20001E+02  1.92307E+04  8.87240E-02  1.11954E+00  1.21223E+00  2.67835E-02  1.20045E+00  2.76382E-02
  5.21001E+02  1.91938E+04  8.89278E-02  1.08413E+00  1.22282E+00  2.62390E-02  1.21137E+00  2.70576E-02
  5.22001E+02  1.91571E+04  8.92771E-02  1.04862E+00  1.23319E+00  2.57135E-02  1.22206E+00  2.64981E-02
  5.23001E+02  1.91204E+04  8.97850E-02  1.01295E+00  1.24336E+00  2.52062E-02  1.23254E+00  2.59587E-02
  5.24001E+02  1.90839E+04  9.04678E-02  9.77065E-01  1.25333E+00  2.47161E-02  1.24280E+00  2.54382E-02
  5.25001E+02  1.90476E+04  9.13460E-02  9.40884E-01  1.26311E+00  2.42423E-02  1.25286E+00  2.49357E-02
  5.26001E+02  1.90114E+04  9.24450E-02  9.04333E-01  1.27270E+00  2.37839E-02  1.26272E+00  2.44501E-02
  5.27001E+02  1.89753E+04  9.37971E-02  8.67324E-01  1.28212E+00  2.33403E-02  1.27239E+00  2.39807E-02
  5.28001E+02  1.89394E+04  9.54438E-02  8.29757E-01  1.29135E+00  2.29106E-02  1.28188E+00  2.35267E-02
  5.29001E+02  1.89036E+04  9.74385E-02  7.91518E-01  1.30042E+00  2.24944E-02  1.29119E+00  2.30872E-02
  5.30001E+02  1.88679E+04  9.98512E-02  7.52470E-01  1.30933E+00  2.20908E-02  1.30033E+00  2.26615E-02
  5.31001E+02  1.88324E+04  1.02776E-01  7.12454E-01  1.31808E+00  2.16994E-02  1.30930E+00  2.22491E-02
  5.32001E+02  1.87970E+04  1.06341E-01  6.71280E-01  1.32667E+00  2.13196E-02  1.31811E+00  2.18494E-02
  5.33001E+02  1.87617E+04  1.10727E-01  6.28718E-01  1.33512E+00  2.09509E-02  1.32676E+00  2.14616E-02
  5.34001E+02  1.87266E+04  1.16194E-01  5.84489E-01  1.34342E+00  2.05927E-02  1.33526E+00  2.10854E-02
  5.35001E+02  1.86916E+04  1.23129E-01  5.38254E-01  1.35157E+00  2.02448E-02  1.34361E+00  2.07201E-02
  5.36001E+02  1.86567E+04  1.32133E-01  4.89622E-01  1.35960E+00  1.99066E-02  1.35182E+00  2.03654E-02
  5.37001E+02  1.86219E+04  1.44169E-01  4.38183E-01  1.36749E+00  1.95777E-02  1.35989E+00  2.00208E-02
  5.38001E+02  1.85873E+04  1.60815E-01  3.83696E-01  1.37525E+00  1.92577E-02  1.36782E+00  1.96858E-02
  5.39001E+02  1.85528E+04  1.84552E-01  3.26668E-01  1.38288E+00  1.89463E-02  1.37563E+00  1.93600E-02
  5.40001E+02  1.85185E+04  2.18427E-01  2.69746E-01  1.39039E+00  1.86432E-02  1.38330E+00  1.90431E-02
  5.41001E+02  1.84843E+04  2.63304E-01  2.18756E-01  1.39778E+00  1.83480E-02  1.39085E+00  1.87348E-02
  5.42001E+02  1.84502E+04  3.14658E-01  1.79000E-01  1.40506E+00  1.80605E-02  1.39827E+00  1.84346E-02
  5.43001E+02  1.84162E+04  3.66190E-01  1.50443E-01  1.41222E+00  1.77803E-02  1.40558E+00  1.81423E-02
  5.44001E+02  1.83823E+04  4.14595E-01  1.30004E-01  1.41927E+00  1.75071E-02  1.41278E+00  1.78576E-02
  5.45001E+02  1.83486E+04  4.59107E-01  1.14888E-01  1.42621E+00  1.72408E-02  1.41986E+00  1.75801E-02
  5.46001E+02  1.83150E+04  4.99932E-01  1.03275E-01  1.43305E+00  1.69810E-02  1.42683E+00  1.73097E-02
  5.47001E+02  1.82815E+04  5.37516E-01  9.40452E-02  1.43979E+00  1.67275E-02  1.43370E+00  1.70460E-02
  5.48001E+02  1.82481E+04  5.72298E-01  8.65026E-02  1.44643E+00  1.64802E-02  1.44046E+00  1.67888E-02
  5.49001E+02  1.82149E+04  6.04663E-01  8.01977E-02  1.45296E+00  1.62387E-02  1.44712E+00  1.65379E-02
  5.50001E+02  1.81818E+04  6.34928E-01  7.48295E-02  1.45941E+00  1.60029E-02  1.45368E+00  1.62930E-02
  5.51001E+02  1.81488E+04  6.63354E-01  7.01892E-02  1.46576E+00  1.57726E-02  1.46014E+00  1.60540E-02
  5.52001E+02  1.81159E+04  6.90156E-01  6.61272E-02  1.47202E+00  1.55476E-02  1.46651E+00  1.58206E-02
  5.53001E+02  1.80831E+04  7.15513E-01  6.25337E-02  1.47819E+00  1.53277E-02  1.47279E+00  1.55927E-02
  5.54001E+02  1.80505E+04  7.39574E-01  5.93257E-02  1.48427E+00  1.51128E-02  1.47898E+00  1.53700E-02
  5.55001E+02  1.80180E+04  7.62467E-01  5.64398E-02  1.49027E+00  1.49027E-02  1.48508E+00  1.51525E-02
  5.56001E+02  1.79856E+04  7.84300E-01  5.38261E-02  1.49619E+00  1.46973E-02  1.49109E+00  1.49398E-02
  5.57001E+02  1.79533E+04  8.05165E-01  5.14449E-02  1.50202E+00  1.44963E-02  1.49702E+00  1.47319E-02
  5.58001E+02  1.79211E+04  8.25143E-01  4.92644E-02  1.50778E+00  1.42997E-02  1.50287E+00  1.45286E-02
  5.59001E+02  1.78891E+04  8.44304E-01  4.72585E-02  1.51345E+00  1.41073E-02  1.50864E+00  1.43298E-02
  5.60001E+02  1.78571E+04  8.62712E-01  4.54057E-02  1.51906E+00  1.39191E-02  1.51433E+00  1.41353E-02
  5.61001E+02  1.78253E+04  8.80419E-01  4.36878E-02  1.52458E+00  1.37347E-02  1.51994E+00  1.39450E-02
  5.62001E+02  1.77936E+04  8.97476E-01  4.20899E-02  1.53004E+00  1.35543E-02  1.52548E+00  1.37587E-02
  5.63001E+02  1.77620E+04  9.13926E-01  4.05991E-02  1.53542E+00  1.33775E-02  1.53094E+00  1.35764E-02
  5.64001E+02  1.77305E+04  9.29807E-01  3.92043E-02  1.54074E+00  1.32044E-02  1.53633E+00  1.33979E-02
  5.65001E+02  1.76991E+04  9.45155E-01  3.78962E-02  1.54598E+00  1.30348E-02  1.54165E+00  1.32231E-02
  5.66001E+02  1.76678E+04  9.60003E-01  3.66665E-02  1.55116E+00  1.28687E-02  1.54691E+00  1.30519E-02
  5.67001E+02  1.76367E+04  9.74378E-01  3.55080E-02  1.55627E+00  1.27058E-02  1.55209E+00  1.28842E-02
  5.68001E+02  1.76056E+04  9.88309E-01  3.44146E-02  1.56132E+00  1.25462E-02  1.55721E+00  1.27198E-02
  5.69001E+02  1.75747E+04  1.00182E+00  3.33806E-02  1.56630E+00  1.23897E-02  1.56226E+00  1.25588E-02
  5.70001E+02  1.75438E+04  1.01493E+00  3.24012E-02  1.57122E+00  1.22362E-02  1.56725E+00  1.24010E-02
  5.71001E+02  1.75131E+04  1.02766E+00  3.14721E-02  1.57609E+00  1.20857E-02  1.57218E+00  1.22462E-02
  5.72001E+02  1.74825E+04  1.04004E+00  3.05893E-02  1.58089E+00  1.19381E-02  1.57704E+00  1.20945E-02
  5.73001E+02  1.74520E+04  1.05207E+00  2.97494E-02  1.58563E+00  1.17933E-02  1.58185E+00  1.19457E-02
  5.74001E+02  1.74216E+04  1.06377E+00  2.89494E-02  1.59032E+00  1.16513E-02  1.58660E+00  1.17998E-02
  5.75001E+02  1.73913E+04  1.07517E+00  2.81863E-02  1.59495E+00  1.15119E-02  1.59128E+00  1.16567E-02
  5.76001E+02  1.73611E+04  1.08627E+00  2.74576E-02  1.59952E+00  1.13750E-02  1.59592E+00  1.15162E-02
  5.77001E+02  1.73310E+04  1.09709E+00  2.67610E-02  1.60405E+00  1.12407E-02  1.60049E+00  1.13784E-02
  5.78001E+02  1.73010E+04  1.10763E+00  2.60945E-02  1.60851E+00  1.11089E-02  1.60502E+00  1.12432E-02
  5.79001E+02  1.72711E+04  1.11792E+00  2.54561E-02  1.61293E+00  1.09794E-02  1.60948E+00  1.11104E-02
  5.80001E+02  1.72413E+04  1.12796E+00  2.48440E-02  1.61729E+00  1.08523E-02  1.61390E+00  1.09801E-02
  5.81001E+02  1.72117E+04  1.13776E+00  2.42568E-02  1.62161E+00  1.07274E-02  1.61826E+00  1.08522E-02
  5.82001E+02  1.71821E+04  1.14733E+00  2.36928E-02  1.62587E+00  1.06048E-02  1.62258E+00  1.07265E-02
  5.83001E+02  1.71526E+04  1.15668E+00  2.31507E-02  1.63009E+00  1.04843E-02  1.62684E+00  1.06032E-02
  5.84001E+02  1.71233E+04  1.16581E+00  2.26293E-02  1.63426E+00  1.03659E-02  1.63106E+00  1.04820E-02
  5.85001E+02  1.70940E+04  1.17475E+00  2.21275E-02  1.63838E+00  1.02496E-02  1.63522E+00  1.03629E-02
  5.86001E+02  1.70648E+04  1.18349E+00  2.16441E-02  1.64245E+00  1.01353E-02  1.63934E+00  1.02460E-02
  5.87001E+02  1.70357E+04  1.19204E+00  2.11782E-02  1.64648E+00  1.00230E-02  1.64342E+00  1.01310E-02
  5.88001E+02  1.70068E+04  1.20041E+00  2.07289E-02  1.65047E+00  9.91251E-03  1.64745E+00  1.00181E-02
  5.89001E+02  1.69779E+04  1.20860E+00  2.02953E-02  1.65441E+00  9.80393E-03  1.65143E+00  9.90707E-03
  5.90001E+02  1.69491E+04  1.21662E+00  1.98766E-02  1.65831E+00  9.69717E-03  1.65537E+00  9.79795E-03
  5.91001E+02  1.69204E+04  1.22448E+00  1.94720E-02  1.66217E+00  9.59219E-03  1.65927E+00  9.69068E-03
  5.92001E+02  1.68919E+04  1.23218E+00  1.90810E-02  1.66598E+00  9.48894E-03  1.66312E+00  9.58521E-03
  5.93001E+02  1.68634E+04  1.23972E+00  1.87027E-02  1.66975E+00  9.38740E-03  1.66693E+00  9.48151E-03
  5.94001E+02  1.68350E+04  1.24712E+00  1.83368E-02  1.67349E+00  9.28751E-03  1.67070E+00  9.37952E-03
  5.95001E+02  1.68067E+04  1.25437E+00  1.79824E-02  1.67718E+00  9.18924E-03  1.67443E+00  9.27921E-03
  5.96001E+02  1.67785E+04  1.26149E+00  1.76392E-02  1.68084E+00  9.09256E-03  1.67812E+00  9.18055E-03
  5.97001E+02  1.67504E+04  1.26847E+00  1.73066E-02  1.68445E+00  8.99742E-03  1.68177E+00  9.08348E-03
  5.98001E+02  1.67224E+04  1.27532E+00  1.69842E-02  1.68803E+00  8.90381E-03  1.68539E+00  8.98799E-03
  5.99001E+02  1.66945E+04  1.28204E+00  1.66715E-02  1.69157E+00  8.81167E-03  1.68896E+00  8.89403E-03
  6.00001E+02  1.66666E+04  1.28864E+00  1.63681E-02  1.69508E+00  8.72098E-03  1.69250E+00  8.80157E-03
  6.01001E+02  1.66389E+04  1.29512E+00  1.60736E-02  1.69855E+00  8.63171E-03  1.69600E+00  8.71057E-03
  6.02001E+02  1.66113E+04  1.30149E+00  1.57876E-02  1.70198E+00  8.54382E-03  1.69947E+00  8.62101E-03
  6.03001E+02  1.65837E+04  1.30774E+00  1.55098E-02  1.70538E+00  8.45729E-03  1.70290E+00  8.53284E-03
  6.04001E+02  1.65563E+04  1.31388E+00  1.52399E-02  1.70875E+00  8.37209E-03  1.70629E+00  8.44605E-03
  6.05001E+02  1.65289E+04  1.31992E+00  1.49775E-02  1.71208E+00  8.28819E-03  1.70965E+00  8.36061E-03
  6.06001E+02  1.65016E+04  1.32585E+00  1.47223E-02  1.71537E+00  8.20556E-03  1.71298E+00  8.27647E-03
  6.07001E+02  1.64744E+04  1.33169E+00  1.44741E-02  1.71864E+00  8.12418E-03  1.71627E+00  8.19362E-03
  6.08001E+02  1.64473E+04  1.33742E+00  1.42325E-02  1.72187E+00  8.04402E-03  1.71953E+00  8.11203E-03
  6.09001E+02  1.64203E+04  1.34306E+00  1.39974E-02  1.72507E+00  7.96505E-03  1.72276E+00  8.03167E-03
  6.10001E+02  1.63934E+04  1.34861E+00  1.37685E-02  1.72824E+00  7.88725E-03  1.72595E+00  7.95252E-03
  6.11001E+02  1.63666E+04  1.35407E+00  1.35455E-02  1.73138E+00  7.81060E-03  1.72912E+00  7.87455E-03
  6.12001E+02  1.63398E+04  1.35944E+00  1.33283E-02  1.73449E+00  7.73507E-03  1.73225E+00  7.79774E-03
  6.13001E+02  1.63132E+04  1.36472E+00  1.31166E-02  1.73757E+00  7.66065E-03  1.73535E+00  7.72206E-03
  6.14001E+02  1.62866E+04  1.36992E+00  1.29103E-02  1.74062E+00  7.58730E-03  1.73843E+00  7.64749E-03
  6.15001E+02  1.62601E+04  1.37504E+00  1.27090E-02  1.74364E+00  7.51500E-03  1.74147E+00  7.57400E-03
  6.16001E+02  1.62337E+04  1.38008E+00  1.25128E-02  1.74663E+00  7.44375E-03  1.74448E+00  7.50159E-03
  6.17001E+02  1.62074E+04  1.38505E+00  1.23214E-02  1.74959E+00  7.37351E-03  1.74747E+00  7.43022E-03
  6.18001E+02  1.61812E+04  1.38993E+00  1.21345E-02  1.75252E+00  7.30426E-03  1.75043E+00  7.35987E-03
  6.19001E+02  1.61551E+04  1.39475E+00  1.19522E-02  1.75543E+00  7.23599E-03  1.75336E+00  7.29053E-03
  6.20001E+02  1.61290E+04  1.39949E+00  1.17742E-02  1.75831E+00  7.16868E-03  1.75626E+00  7.22217E-03
  6.21001E+02  1.61030E+04  1.40416E+00  1.16003E-02  1.76116E+00  7.10231E-03  1.75913E+00  7.15477E-03
  6.22001E+02  1.60771E+04  1.40876E+00  1.14305E-02  1.76399E+00  7.03686E-03  1.76198E+00  7.08832E-03
  6.23001E+02  1.60513E+04  1.41330E+00  1.12646E-02  1.76679E+00  6.97231E-03  1.76480E+00  7.02280E-03
  6.24001E+02  1.60256E+04  1.41777E+00  1.11025E-02  1.76957E+00  6.90865E-03  1.76760E+00  6.95819E-03
  6.25001E+02  1.60000E+04  1.42217E+00  1.09441E-02  1.77232E+00  6.84586E-03  1.77037E+00  6.89448E-03
  6.26001E+02  1.59744E+04  1.42652E+00  1.07892E-02  1.77504E+00  6.78393E-03  1.77311E+00  6.83164E-03
  6.27001E+02  1.59489E+04  1.43080E+00  1.06378E-02  1.77774E+00  6.72283E-03  1.77583E+00  6.76966E-03
  6.28001E+02  1.59235E+04  1.43502E+00  1.04897E-02  1.78042E+00  6.66255E-03  1.77853E+00  6.70852E-03
  6.29001E+02  1.58982E+04  1.43919E+00  1.03448E-02  1.78307E+00  6.60308E-03  1.78120E+00  6.64821E-03
  6.30001E+02  1.58730E+04  1.44329E+00  1.02030E-02  1.78570E+00  6.54441E-03  1.78384E+00  6.58871E-03
  6.31001E+02  1.58478E+04  1.44734E+00  1.00643E-02  1.78831E+00  6.48651E-03  1.78647E+00  6.53001E-03
  6.32001E+02  1.58228E+04  1.45134E+00  9.92853E-03  1.79089E+00  6.42938E-03  1.78907E+00  6.47209E-03
  6.33001E+02  1.57978E+04  1.45528E+00  9.79562E-03  1.79345E+00  6.37299E-03  1.79164E+00  6.41494E-03
  6.34001E+02  1.57728E+04  1.45917E+00  9.66549E-03  1.79599E+00  6.31735E-03  1.79420E+00  6.35855E-03
  6.35001E+02  1.57480E+04  1.46301E+00  9.53806E-03  1.79850E+00  6.26242E-03  1.79673E+00  6.30290E-03
  6.36001E+02  1.57232E+04  1.46680E+00  9.41324E-03  1.80100E+00  6.20821E-03  1.79924E+00  6.24797E-03
  6.37001E+02  1.56986E+04  1.47054E+00  9.29097E-03  1.80347E+00  6.15470E-03  1.80173E+00  6.19376E-03
  6.38001E+02  1.56740E+04  1.47423E+00  9.17117E-03  1.80592E+00  6.10187E-03  1.80419E+00  6.14025E-03
  6.39001E+02  1.56494E+04  1.47787E+00  9.05378E-03  1.80835E+00  6.04971E-03  1.80664E+00  6.08743E-03
  6.40001E+02  1.56250E+04  1.48147E+00  8.93872E-03  1.81076E+00  5.99822E-03  1.80906E+00  6.03529E-03
  6.41001E+02  1.56006E+04  1.48502E+00  8.82593E-03  1.81315E+00  5.94738E-03  1.81146E+00  5.98381E-03
  6.42001E+02  1.55763E+04  1.48853E+00  8.71536E-03  1.81551E+00  5.89718E-03  1.81385E+00  5.93299E-03
  6.43001E+02  1.55521E+04  1.49199E+00  8.60693E-03  1.81786E+00  5.84761E-03  1.81621E+00  5.88281E-03
  6.44001E+02  1.55279E+04  1.49541E+00  8.50060E-03  1.82019E+00  5.79866E-03  1.81855E+00  5.83327E-03
  6.45001E+02  1.55039E+04  1.49879E+00  8.39630E-03  1.82250E+00  5.75031E-03  1.82087E+00  5.78434E-03
  6.46001E+02  1.54799E+04  1.50212E+00  8.29398E-03  1.82479E+00  5.70256E-03  1.82318E+00  5.73602E-03
  6.47001E+02  1.54559E+04  1.50542E+00  8.19360E-03  1.82706E+00  5.65540E-03  1.82546E+00  5.68831E-03
  6.48001E+02  1.54321E+04  1.50867E+00  8.09510E-03  1.82931E+00  5.60882E-03  1.82773E+00  5.64118E-03
  6.49001E+02  1.54083E+04  1.51189E+00  7.99843E-03  1.83155E+00  5.56280E-03  1.82997E+00  5.59463E-03
  6.50001E+02  1.53846E+04  1.51507E+00  7.90354E-03  1.83376E+00  5.51735E-03  1.83220E+00  5.54866E-03
  6.51001E+02  1.53610E+04  1.51821E+00  7.81039E-03  1.83596E+00  5.47244E-03  1.83441E+00  5.50324E-03
  6.52001E+02  1.53374E+04  1.52132E+00  7.71894E-03  1.83814E+00  5.42807E-03  1.83660E+00  5.45838E-03
  6.53001E+02  1.53139E+04  1.52438E+00  7.62915E-03  1.84030E+00  5.38424E-03  1.83878E+00  5.41405E-03
  6.54001E+02  1.52905E+04  1.52742E+00  7.54096E-03  1.84245E+00  5.34093E-03  1.84094E+00  5.37027E-03
  6.55001E+02  1.52672E+04  1.53041E+00  7.45434E-03  1.84457E+00  5.29813E-03  1.84307E+00  5.32700E-03
  6.56001E+02  1.52439E+04  1.53338E+00  7.36926E-03  1.84668E+00  5.25584E-03  1.84520E+00  5.28425E-03
  6.57001E+02  1.52207E+04  1.53631E+00  7.28568E-03  1.84878E+00  5.21404E-03  1.84730E+00  5.24201E-03
  6.58001E+02  1.51975E+04  1.53920E+00  7.20355E-03  1.85086E+00  5.17274E-03  1.84939E+00  5.20027E-03
  6.59001E+02  1.51745E+04  1.54207E+00  7.12285E-03  1.85292E+00  5.13192E-03  1.85146E+00  5.15903E-03
  6.60001E+02  1.51515E+04  1.54490E+00  7.04355E-03  1.85496E+00  5.09158E-03  1.85352E+00  5.11826E-03
  6.61001E+02  1.51286E+04  1.54770E+00  6.96559E-03  1.85699E+00  5.05170E-03  1.85555E+00  5.07797E-03
  6.62001E+02  1.51057E+04  1.55047E+00  6.88897E-03  1.85900E+00  5.01228E-03  1.85758E+00  5.03815E-03
  6.63001E+02  1.50829E+04  1.55321E+00  6.81364E-03  1.86100E+00  4.97332E-03  1.85958E+00  4.99879E-03
  6.64001E+02  1.50602E+04  1.55592E+00  6.73957E-03  1.86298E+00  4.93480E-03  1.86158E+00  4.95989E-03
  6.65001E+02  1.50376E+04  1.55860E+00  6.66674E-03  1.86494E+00  4.89672E-03  1.86355E+00  4.92143E-03
  6.66001E+02  1.50150E+04  1.56125E+00  6.59512E-03  1.86690E+00  4.85907E-03  1.86551E+00  4.88341E-03
  6.67001E+02  1.49925E+04  1.56387E+00  6.52468E-03  1.86883E+00  4.82185E-03  1.86746E+00  4.84583E-03
  6.68001E+02  1.49700E+04  1.56647E+00  6.45539E-03  1.87075E+00  4.78504E-03  1.86939E+00  4.80867E-03
  6.69001E+02  1.49477E+04  1.56904E+00  6.38723E-03  1.87266E+00  4.74865E-03  1.87130E+00  4.77193E-03
  6.70001E+02  1.49254E+04  1.57158E+00  6.32017E-03  1.87455E+00  4.71267E-03  1.87320E+00  4.73561E-03
  6.71001E+02  1.49031E+04  1.57409E+00  6.25419E-03  1.87643E+00  4.67709E-03  1.87509E+00  4.69969E-03
  6.72001E+02  1.48809E+04  1.57658E+00  6.18926E-03  1.87829E+00  4.64190E-03  1.87696E+00  4.66417E-03
  6.73001E+02  1.48588E+04  1.57904E+00  6.12537E-03  1.88014E+00  4.60710E-03  1.87882E+00  4.62905E-03
  6.74001E+02  1.48368E+04  1.58148E+00  6.06248E-03  1.88198E+00  4.57268E-03  1.88067E+00  4.59432E-03
  6.75001E+02  1.48148E+04  1.58389E+00  6.00058E-03  1.88380E+00  4.53864E-03  1.88250E+00  4.55997E-03
  6.76001E+02  1.47929E+04  1.58628E+00  5.93964E-03  1.88561E+00  4.50497E-03  1.88431E+00  4.52600E-03
  6.77001E+02  1.47710E+04  1.58864E+00  5.87965E-03  1.88740E+00  4.47167E-03  1.88612E+00  4.49240E-03
  6.78001E+02  1.47492E+04  1.59098E+00  5.82059E-03  1.88918E+00  4.43872E-03  1.88791E+00  4.45916E-03
  6.79001E+02  1.47275E+04  1.59329E+00  5.76243E-03  1.89095E+00  4.40614E-03  1.88968E+00  4.42629E-03
  6.80001E+02  1.47059E+04  1.59559E+00  5.70516E-03  1.89271E+00  4.37390E-03  1.89145E+00  4.39378E-03
  6.81001E+02  1.46843E+04  1.59786E+00  5.64875E-03  1.89445E+00  4.34201E-03  1.89320E+00  4.36161E-03
  6.82001E+02  1.46627E+04  1.60010E+00  5.59319E-03  1.89618E+00  4.31046E-03  1.89494E+00  4.32979E-03
  6.83001E+02  1.46413E+04  1.60233E+00  5.53847E-03  1.89790E+00  4.27924E-03  1.89666E+00  4.29831E-03
  6.84001E+02  1.46199E+04  1.60453E+00  5.48456E-03  1.89960E+00  4.24836E-03  1.89837E+00  4.26717E-03
  6.85001E+02  1.45985E+04  1.60672E+00  5.43146E-03  1.90130E+00  4.21780E-03  1.90008E+00  4.23635E-03
  6.86001E+02  1.45772E+04  1.60888E+00  5.37913E-03  1.90298E+00  4.18756E-03  1.90176E+00  4.20586E-03
  6.87001E+02  1.45560E+04  1.61102E+00  5.32757E-03  1.90465E+00  4.15764E-03  1.90344E+00  4.17570E-03
  6.88001E+02  1.45349E+04  1.61314E+00  5.27676E-03  1.90630E+00  4.12803E-03  1.90510E+00  4.14585E-03
  6.89001E+02  1.45138E+04  1.61524E+00  5.22669E-03  1.90795E+00  4.09873E-03  1.90676E+00  4.11631E-03
  6.90001E+02  1.44927E+04  1.61732E+00  5.17734E-03  1.90958E+00  4.06973E-03  1.90840E+00  4.08708E-03
  6.91001E+02  1.44718E+04  1.61938E+00  5.12870E-03  1.91120E+00  4.04103E-03  1.91002E+00  4.05816E-03
  6.92001E+02  1.44508E+04  1.62142E+00  5.08075E-03  1.91281E+00  4.01263E-03  1.91164E+00  4.02953E-03
  6.93001E+02  1.44300E+04  1.62344E+00  5.03349E-03  1.91441E+00  3.98452E-03  1.91325E+00  4.00120E-03
  6.94001E+02  1.44092E+04  1.62545E+00  4.98689E-03  1.91600E+00  3.95669E-03  1.91484E+00  3.97316E-03
  6.95001E+02  1.43885E+04  1.62743E+00  4.94094E-03  1.91758E+00  3.92915E-03  1.91643E+00  3.94541E-03
  6.96001E+02  1.43678E+04  1.62940E+00  4.89564E-03  1.91914E+00  3.90189E-03  1.91800E+00  3.91794E-03
  6.97001E+02  1.43472E+04  1.63135E+00  4.85096E-03  1.92070E+00  3.87490E-03  1.91956E+00  3.89075E-03
  6.98001E+02  1.43266E+04  1.63328E+00  4.80691E-03  1.92224E+00  3.84818E-03  1.92111E+00  3.86384E-03
  6.99001E+02  1.43061E+04  1.63519E+00  4.76346E-03  1.92378E+00  3.82174E-03  1.92265E+00  3.83720E-03
  7.00001E+02  1.42857E+04  1.63709E+00  4.72060E-03  1.92530E+00  3.79556E-03  1.92418E+00  3.81082E-03
  7.01001E+02  1.42653E+04  1.63897E+00  4.67833E-03  1.92681E+00  3.76963E-03  1.92570E+00  3.78471E-03
  7.02001E+02  1.42450E+04  1.64083E+00  4.63663E-03  1.92832E+00  3.74397E-03  1.92721E+00  3.75886E-03
  7.03001E+02  1.42247E+04  1.64268E+00  4.59549E-03  1.92981E+00  3.71856E-03  1.92871E+00  3.73327E-03
  7.04001E+02  1.42045E+04  1.64451E+00  4.55491E-03  1.93129E+00  3.69340E-03  1.93019E+00  3.70793E-03
  7.05001E+02  1.41844E+04  1.64632E+00  4.51486E-03  1.93276E+00  3.66849E-03  1.93167E+00  3.68285E-03
  7.06001E+02  1.41643E+04  1.64812E+00  4.47535E-03  1.93423E+00  3.64382E-03  1.93314E+00  3.65801E-03
  7.07001E+02  1.41443E+04  1.64990E+00  4.43636E-03  1.93568E+00  3.61940E-03  1.93460E+00  3.63341E-03
  7.08001E+02  1.41243E+04  1.65167E+00  4.39789E-03  1.93712E+00  3.59521E-03  1.93605E+00  3.60905E-03
  7.09001E+02  1.41044E+04  1.65342E+00  4.35991E-03  1.93855E+00  3.57125E-03  1.93748E+00  3.58494E-03
  7.10001E+02  1.40845E+04  1.65515E+00  4.32244E-03  1.93998E+00  3.54753E-03  1.93891E+00  3.56105E-03
  7.11001E+02  1.40647E+04  1.65687E+00  4.28544E-03  1.94139E+00  3.52404E-03  1.94033E+00  3.53740E-03
  7.12001E+02  1.40449E+04  1.65858E+00  4.24893E-03  1.94280E+00  3.50077E-03  1.94174E+00  3.51398E-03
  7.13001E+02  1.40252E+04  1.66027E+00  4.21288E-03  1.94419E+00  3.47773E-03  1.94314E+00  3.49078E-03
  7.14001E+02  1.40056E+04  1.66195E+00  4.17730E-03  1.94558E+00  3.45490E-03  1.94454E+00  3.46781E-03
  7.15001E+02  1.39860E+04  1.66361E+00  4.14217E-03  1.94695E+00  3.43229E-03  1.94592E+00  3.44505E-03
  7.16001E+02  1.39665E+04  1.66526E+00  4.10748E-03  1.94832E+00  3.40990E-03  1.94729E+00  3.42251E-03
  7.17001E+02  1.39470E+04  1.66690E+00  4.07323E-03  1.94968E+00  3.38772E-03  1.94866E+00  3.40019E-03
  7.18001E+02  1.39276E+04  1.66852E+00  4.03941E-03  1.95103E+00  3.36575E-03  1.95001E+00  3.37807E-03
  7.19001E+02  1.39082E+04  1.67013E+00  4.00601E-03  1.95237E+00  3.34398E-03  1.95136E+00  3.35617E-03
  7.20001E+02  1.38889E+04  1.67172E+00  3.97303E-03  1.95371E+00  3.32242E-03  1.95270E+00  3.33447E-03
  7.21001E+02  1.38696E+04  1.67331E+00  3.94046E-03  1.95503E+00  3.30106E-03  1.95402E+00  3.31298E-03
  7.22001E+02  1.38504E+04  1.67488E+00  3.90829E-03  1.95635E+00  3.27989E-03  1.95535E+00  3.29168E-03
  7.23001E+02  1.38312E+04  1.67643E+00  3.87651E-03  1.95766E+00  3.25893E-03  1.95666E+00  3.27059E-03
  7.24001E+02  1.38121E+04  1.67798E+00  3.84512E-03  1.95896E+00  3.23816E-03  1.95796E+00  3.24969E-03
  7.25001E+02  1.37931E+04  1.67951E+00  3.81411E-03  1.96025E+00  3.21757E-03  1.95926E+00  3.22899E-03
  7.26001E+02  1.37741E+04  1.68103E+00  3.78348E-03  1.96153E+00  3.19718E-03  1.96054E+00  3.20847E-03
  7.27001E+02  1.37551E+04  1.68253E+00  3.75322E-03  1.96280E+00  3.17698E-03  1.96182E+00  3.18815E-03
  7.28001E+02  1.37362E+04  1.68403E+00  3.72332E-03  1.96407E+00  3.15696E-03  1.96309E+00  3.16801E-03
  7.29001E+02  1.37174E+04  1.68551E+00  3.69378E-03  1.96533E+00  3.13712E-03  1.96436E+00  3.14805E-03
  7.30001E+02  1.36986E+04  1.68698E+00  3.66459E-03  1.96658E+00  3.11746E-03  1.96561E+00  3.12828E-03
  7.31001E+02  1.36799E+04  1.68844E+00  3.63574E-03  1.96782E+00  3.09798E-03  1.96686E+00  3.10869E-03
  7.32001E+02  1.36612E+04  1.68989E+00  3.60724E-03  1.96906E+00  3.07868E-03  1.96810E+00  3.08927E-03
  7.33001E+02  1.36425E+04  1.69133E+00  3.57907E-03  1.97029E+00  3.05955E-03  1.96933E+00  3.07003E-03
  7.34001E+02  1.36240E+04  1.69276E+00  3.55123E-03  1.97151E+00  3.04059E-03  1.97056E+00  3.05096E-03
  7.35001E+02  1.36054E+04  1.69417E+00  3.52371E-03  1.97272E+00  3.02180E-03  1.97177E+00  3.03207E-03
  7.36001E+02  1.35869E+04  1.69557E+00  3.49651E-03  1.97392E+00  3.00318E-03  1.97298E+00  3.01334E-03
  7.37001E+02  1.35685E+04  1.69697E+00  3.46963E-03  1.97512E+00  2.98472E-03  1.97418E+00  2.99478E-03
  7.38001E+02  1.35501E+04  1.69835E+00  3.44306E-03  1.97631E+00  2.96643E-03  1.97538E+00  2.97639E-03
  7.39001E+02  1.35318E+04  1.69972E+00  3.41679E-03  1.97749E+00  2.94830E-03  1.97656E+00  2.95816E-03
  7.40001E+02  1.35135E+04  1.70108E+00  3.39082E-03  1.97867E+00  2.93033E-03  1.97774E+00  2.94009E-03
  7.41001E+02  1.34953E+04  1.70243E+00  3.36514E-03  1.97984E+00  2.91251E-03  1.97891E+00  2.92218E-03
  7.42001E+02  1.34771E+04  1.70377E+00  3.33976E-03  1.98100E+00  2.89485E-03  1.98008E+00  2.90442E-03
  7.43001E+02  1.34589E+04  1.70510E+00  3.31466E-03  1.98215E+00  2.87735E-03  1.98124E+00  2.88683E-03
  7.44001E+02  1.34408E+04  1.70642E+00  3.28985E-03  1.98330E+00  2.86000E-03  1.98239E+00  2.86938E-03
  7.45001E+02  1.34228E+04  1.70774E+00  3.26531E-03  1.98444E+00  2.84280E-03  1.98353E+00  2.85209E-03
  7.46001E+02  1.34048E+04  1.70904E+00  3.24104E-03  1.98557E+00  2.82575E-03  1.98467E+00  2.83495E-03
  7.47001E+02  1.33869E+04  1.71033E+00  3.21704E-03  1.98670E+00  2.80884E-03  1.98580E+00  2.81796E-03
  7.48001E+02  1.33690E+04  1.71161E+00  3.19331E-03  1.98782E+00  2.79208E-03  1.98692E+00  2.80111E-03
  7.49001E+02  1.33511E+04  1.71288E+00  3.16984E-03  1.98893E+00  2.77547E-03  1.98804E+00  2.78441E-03
  7.50001E+02  1.33333E+04  1.71415E+00  3.14663E-03  1.99004E+00  2.75900E-03  1.98915E+00  2.76786E-03
  7.51001E+02  1.33156E+04  1.71540E+00  3.12367E-03  1.99114E+00  2.74266E-03  1.99026E+00  2.75144E-03
  7.52001E+02  1.32979E+04  1.71664E+00  3.10096E-03  1.99223E+00  2.72647E-03  1.99135E+00  2.73517E-03
  7.53001E+02  1.32802E+04  1.71788E+00  3.07849E-03  1.99332E+00  2.71041E-03  1.99244E+00  2.71903E-03
  7.54001E+02  1.32626E+04  1.71911E+00  3.05627E-03  1.99440E+00  2.69449E-03  1.99353E+00  2.70303E-03
  7.55001E+02  1.32450E+04  1.72032E+00  3.03429E-03  1.99548E+00  2.67871E-03  1.99461E+00  2.68717E-03
  7.56001E+02  1.32275E+04  1.72153E+00  3.01254E-03  1.99655E+00  2.66306E-03  1.99568E+00  2.67144E-03
  7.57001E+02  1.32100E+04  1.72273E+00  2.99102E-03  1.99761E+00  2.64754E-03  1.99674E+00  2.65584E-03
  7.58001E+02  1.31926E+04  1.72393E+00  2.96974E-03  1.99866E+00  2.63214E-03  1.99780E+00  2.64037E-03
  7.59001E+02  1.31752E+04  1.72511E+00  2.94867E-03  1.99971E+00  2.61688E-03  1.99886E+00  2.62504E-03
  7.60001E+02  1.31579E+04  1.72628E+00  2.92783E-03  2.00076E+00  2.60174E-03  1.99990E+00  2.60983E-03
  7.61001E+02  1.31406E+04  1.72745E+00  2.90721E-03  2.00179E+00  2.58673E-03  2.00094E+00  2.59475E-03
  7.62001E+02  1.31233E+04  1.72861E+00  2.88681E-03  2.00283E+00  2.57185E-03  2.00198E+00  2.57979E-03
  7.63001E+02  1.31061E+04  1.72976E+00  2.86662E-03  2.00385E+00  2.55708E-03  2.00301E+00  2.56496E-03
  7.64001E+02  1.30890E+04  1.73090E+00  2.84663E-03  2.00487E+00  2.54244E-03  2.00403E+00  2.55025E-03
  7.65001E+02  1.30719E+04  1.73204E+00  2.82686E-03  2.00589E+00  2.52792E-03  2.00505E+00  2.53566E-03
  7.66001E+02  1.30548E+04  1.73316E+00  2.80729E-03  2.00689E+00  2.51352E-03  2.00606E+00  2.52119E-03
  7.67001E+02  1.30378E+04  1.73428E+00  2.78791E-03  2.00790E+00  2.49923E-03  2.00706E+00  2.50684E-03
  7.68001E+02  1.30208E+04  1.73539E+00  2.76874E-03  2.00889E+00  2.48507E-03  2.00806E+00  2.49260E-03
  7.69001E+02  1.30039E+04  1.73650E+00  2.74976E-03  2.00988E+00  2.47101E-03  2.00906E+00  2.47849E-03
  7.70001E+02  1.29870E+04  1.73759E+00  2.73098E-03  2.01087E+00  2.45707E-03  2.01005E+00  2.46448E-03
  7.71001E+02  1.29702E+04  1.73868E+00  2.71239E-03  2.01185E+00  2.44325E-03  2.01103E+00  2.45060E-03
  7.72001E+02  1.29534E+04  1.73976E+00  2.69398E-03  2.01282E+00  2.42953E-03  2.01201E+00  2.43682E-03
  7.73001E+02  1.29366E+04  1.74084E+00  2.67576E-03  2.01379E+00  2.41592E-03  2.01298E+00  2.42315E-03
  7.74001E+02  1.29199E+04  1.74190E+00  2.65772E-03  2.01476E+00  2.40243E-03  2.01394E+00  2.40960E-03
  7.75001E+02  1.29032E+04  1.74296E+00  2.63986E-03  2.01571E+00  2.38904E-03  2.01491E+00  2.39615E-03
  7.76001E+02  1.28866E+04  1.74402E+00  2.62218E-03  2.01667E+00  2.37576E-03  2.01586E+00  2.38281E-03
  7.77001E+02  1.28700E+04  1.74506E+00  2.60468E-03  2.01761E+00  2.36258E-03  2.01681E+00  2.36958E-03
  7.78001E+02  1.28535E+04  1.74610E+00  2.58734E-03  2.01856E+00  2.34951E-03  2.01776E+00  2.35645E-03
  7.79001E+02  1.28370E+04  1.74713E+00  2.57018E-03  2.01949E+00  2.33654E-03  2.01870E+00  2.34343E-03
  7.80001E+02  1.28205E+04  1.74815E+00  2.55319E-03  2.02043E+00  2.32368E-03  2.01963E+00  2.33050E-03
  7.81001E+02  1.28041E+04  1.74917E+00  2.53636E-03  2.02135E+00  2.31091E-03  2.02056E+00  2.31769E-03
  7.82001E+02  1.27877E+04  1.75018E+00  2.51970E-03  2.02227E+00  2.29825E-03  2.02149E+00  2.30497E-03
  7.83001E+02  1.27714E+04  1.75119E+00  2.50319E-03  2.02319E+00  2.28568E-03  2.02240E+00  2.29235E-03
  7.84001E+02  1.27551E+04  1.75219E+00  2.48685E-03  2.02410E+00  2.27322E-03  2.02332E+00  2.27983E-03
  7.85001E+02  1.27388E+04  1.75318E+00  2.47067E-03  2.02501E+00  2.26085E-03  2.02423E+00  2.26741E-03
  7.86001E+02  1.27226E+04  1.75416E+00  2.45464E-03  2.02591E+00  2.24857E-03  2.02513E+00  2.25509E-03
  7.87001E+02  1.27065E+04  1.75514E+00  2.43876E-03  2.02681E+00  2.23639E-03  2.02603E+00  2.24286E-03
  7.88001E+02  1.26903E+04  1.75611E+00  2.42304E-03  2.02770E+00  2.22431E-03  2.02693E+00  2.23072E-03
  7.89001E+02  1.26743E+04  1.75708E+00  2.40747E-03  2.02859E+00  2.21232E-03  2.02782E+00  2.21868E-03
  7.90001E+02  1.26582E+04  1.75804E+00  2.39204E-03  2.02947E+00  2.20042E-03  2.02870E+00  2.20674E-03
  7.91001E+02  1.26422E+04  1.75899E+00  2.37676E-03  2.03035E+00  2.18861E-03  2.02958E+00  2.19488E-03
  7.92001E+02  1.26262E+04  1.75994E+00  2.36162E-03  2.03122E+00  2.17690E-03  2.03046E+00  2.18312E-03
  7.93001E+02  1.26103E+04  1.76088E+00  2.34663E-03  2.03209E+00  2.16527E-03  2.03133E+00  2.17144E-03
  7.94001E+02  1.25944E+04  1.76182E+00  2.33177E-03  2.03295E+00  2.15373E-03  2.03219E+00  2.15986E-03
  7.95001E+02  1.25786E+04  1.76275E+00  2.31706E-03  2.03381E+00  2.14228E-03  2.03306E+00  2.14836E-03
  7.96001E+02  1.25628E+04  1.76367E+00  2.30248E-03  2.03467E+00  2.13091E-03  2.03391E+00  2.13695E-03
  7.97001E+02  1.25470E+04  1.76459E+00  2.28803E-03  2.03552E+00  2.11964E-03  2.03477E+00  2.12563E-03
  7.98001E+02  1.25313E+04  1.76550E+00  2.27372E-03  2.03636E+00  2.10844E-03  2.03561E+00  2.11440E-03
  7.99001E+02  1.25156E+04  1.76641E+00  2.25954E-03  2.03720E+00  2.09733E-03  2.03646E+00  2.10324E-03
  8.00001E+02  1.25000E+04  1.76731E+00  2.24550E-03  2.03804E+00  2.08631E-03  2.03730E+00  2.09217E-03
  8.01001E+02  1.24844E+04  1.76820E+00  2.23158E-03  2.03887E+00  2.07536E-03  2.03813E+00  2.08119E-03
  8.02001E+02  1.24688E+04  1.76909E+00  2.21778E-03  2.03970E+00  2.06450E-03  2.03896E+00  2.07029E-03
  8.03001E+02  1.24533E+04  1.76998E+00  2.20411E-03  2.04052E+00  2.05372E-03  2.03979E+00  2.05947E-03
  8.04001E+02  1.24378E+04  1.77086E+00  2.19057E-03  2.04134E+00  2.04302E-03  2.04061E+00  2.04873E-03
  8.05001E+02  1.24223E+04  1.77173E+00  2.17715E-03  2.04216E+00  2.03240E-03  2.04143E+00  2.03806E-03
  8.06001E+02  1.24069E+04  1.77260E+00  2.16385E-03  2.04297E+00  2.02186E-03  2.04224E+00  2.02748E-03
  8.07001E+02  1.23916E+04  1.77346E+00  2.15067E-03  2.04378E+00  2.01139E-03  2.04305E+00  2.01698E-03
  8.08001E+02  1.23762E+04  1.77432E+00  2.13760E-03  2.04458E+00  2.00101E-03  2.04385E+00  2.00655E-03
  8.09001E+02  1.23609E+04  1.77517E+00  2.12466E-03  2.04538E+00  1.99070E-03  2.04465E+00  1.99620E-03
  8.10001E+02  1.23457E+04  1.77602E+00  2.11183E-03  2.04617E+00  1.98046E-03  2.04545E+00  1.98593E-03
  8.11001E+02  1.23304E+04  1.77686E+00  2.09911E-03  2.04696E+00  1.97030E-03  2.04624E+00  1.97573E-03
  8.12001E+02  1.23153E+04  1.77770E+00  2.08650E-03  2.04775E+00  1.96021E-03  2.04703E+00  1.96561E-03
  8.13001E+02  1.23001E+04  1.77853E+00  2.07401E-03  2.04853E+00  1.95020E-03  2.04781E+00  1.95556E-03
  8.14001E+02  1.22850E+04  1.77936E+00  2.06162E-03  2.04931E+00  1.94026E-03  2.04859E+00  1.94559E-03
  8.15001E+02  1.22699E+04  1.78018E+00  2.04935E-03  2.05008E+00  1.93039E-03  2.04937E+00  1.93568E-03
  8.16001E+02  1.22549E+04  1.78099E+00  2.03718E-03  2.05085E+00  1.92059E-03  2.05014E+00  1.92585E-03
  8.17001E+02  1.22399E+04  1.78181E+00  2.02512E-03  2.05162E+00  1.91087E-03  2.05091E+00  1.91609E-03
  8.18001E+02  1.22249E+04  1.78261E+00  2.01316E-03  2.05238E+00  1.90121E-03  2.05167E+00  1.90640E-03
  8.19001E+02  1.22100E+04  1.78342E+00  2.00130E-03  2.05314E+00  1.89163E-03  2.05244E+00  1.89678E-03
  8.20001E+02  1.21951E+04  1.78422E+00  1.98955E-03  2.05389E+00  1.88211E-03  2.05319E+00  1.88723E-03
  8.21001E+02  1.21803E+04  1.78501E+00  1.97790E-03  2.05464E+00  1.87266E-03  2.05394E+00  1.87774E-03
  8.22001E+02  1.21654E+04  1.78580E+00  1.96635E-03  2.05539E+00  1.86327E-03  2.05469E+00  1.86833E-03
  8.23001E+02  1.21507E+04  1.78658E+00  1.95489E-03  2.05613E+00  1.85396E-03  2.05544E+00  1.85898E-03
  8.24001E+02  1.21359E+04  1.78736E+00  1.94354E-03  2.05687E+00  1.84471E-03  2.05618E+00  1.84970E-03
  8.25001E+02  1.21212E+04  1.78814E+00  1.93228E-03  2.05761E+00  1.83552E-03  2.05692E+00  1.84048E-03
  8.26001E+02  1.21065E+04  1.78891E+00  1.92112E-03  2.05834E+00  1.82640E-03  2.05765E+00  1.83133E-03
  8.27001E+02  1.20919E+04  1.78967E+00  1.91005E-03  2.05907E+00  1.81735E-03  2.05838E+00  1.82224E-03
  8.28001E+02  1.20773E+04  1.79044E+00  1.89907E-03  2.05980E+00  1.80836E-03  2.05911E+00  1.81322E-03
  8.29001E+02  1.20627E+04  1.79119E+00  1.88819E-03  2.06052E+00  1.79943E-03  2.05983E+00  1.80426E-03
  8.30001E+02  1.20482E+04  1.79195E+00  1.87740E-03  2.06124E+00  1.79056E-03  2.06055E+00  1.79537E-03
  8.31001E+02  1.20337E+04  1.79269E+00  1.86670E-03  2.06195E+00  1.78176E-03  2.06127E+00  1.78653E-03
  8.32001E+02  1.20192E+04  1.79344E+00  1.85608E-03  2.06266E+00  1.77301E-03  2.06198E+00  1.77776E-03
  8.33001E+02  1.20048E+04  1.79418E+00  1.84556E-03  2.06337E+00  1.76433E-03  2.06269E+00  1.76905E-03
  8.34001E+02  1.19904E+04  1.79492E+00  1.83512E-03  2.06407E+00  1.75571E-03  2.06340E+00  1.76040E-03
  8.35001E+02  1.19760E+04  1.79565E+00  1.82477E-03  2.06477E+00  1.74715E-03  2.06410E+00  1.75181E-03
  8.36001E+02  1.19617E+04  1.79637E+00  1.81450E-03  2.06547E+00  1.73865E-03  2.06480E+00  1.74328E-03
  8.37001E+02  1.19474E+04  1.79710E+00  1.80432E-03  2.06616E+00  1.73020E-03  2.06550E+00  1.73481E-03
  8.38001E+02  1.19332E+04  1.79782E+00  1.79422E-03  2.06685E+00  1.72182E-03  2.06619E+00  1.72639E-03
  8.39001E+02  1.19189E+04  1.79853E+00  1.78421E-03  2.06754E+00  1.71349E-03  2.06688E+00  1.71804E-03
  8.40001E+02  1.19047E+04  1.79925E+00  1.77427E-03  2.06822E+00  1.70522E-03  2.06756E+00  1.70974E-03
  8.41001E+02  1.18906E+04  1.79995E+00  1.76442E-03  2.06890E+00  1.69700E-03  2.06824E+00  1.70150E-03
  8.42001E+02  1.18765E+04  1.80066E+00  1.75464E-03  2.06958E+00  1.68884E-03  2.06892E+00  1.69332E-03
  8.43001E+02  1.18624E+04  1.80136E+00  1.74495E-03  2.07026E+00  1.68074E-03  2.06960E+00  1.68519E-03
  8.44001E+02  1.18483E+04  1.80205E+00  1.73533E-03  2.07093E+00  1.67269E-03  2.07027E+00  1.67711E-03
  8.45001E+02  1.18343E+04  1.80274E+00  1.72579E-03  2.07159E+00  1.66470E-03  2.07094E+00  1.66909E-03
  8.46001E+02  1.18203E+04  1.80343E+00  1.71633E-03  2.07226E+00  1.65676E-03  2.07161E+00  1.66113E-03
  8.47001E+02  1.18064E+04  1.80412E+00  1.70694E-03  2.07292E+00  1.64887E-03  2.07227E+00  1.65322E-03
  8.48001E+02  1.17924E+04  1.80480E+00  1.69763E-03  2.07358E+00  1.64104E-03  2.07293E+00  1.64536E-03
  8.49001E+02  1.17785E+04  1.80548E+00  1.68839E-03  2.07423E+00  1.63326E-03  2.07359E+00  1.63756E-03
  8.50001E+02  1.17647E+04  1.80615E+00  1.67922E-03  2.07488E+00  1.62553E-03  2.07424E+00  1.62980E-03
  8.51001E+02  1.17509E+04  1.80682E+00  1.67013E-03  2.07553E+00  1.61785E-03  2.07489E+00  1.62210E-03
  8.52001E+02  1.17371E+04  1.80749E+00  1.66111E-03  2.07618E+00  1.61023E-03  2.07554E+00  1.61445E-03
  8.53001E+02  1.17233E+04  1.80815E+00  1.65216E-03  2.07682E+00  1.60266E-03  2.07618E+00  1.60686E-03
  8.54001E+02  1.17096E+04  1.80881E+00  1.64328E-03  2.07746E+00  1.59513E-03  2.07682E+00  1.59931E-03
  8.55001E+02  1.16959E+04  1.80946E+00  1.63447E-03  2.07810E+00  1.58766E-03  2.07746E+00  1.59181E-03
  8.56001E+02  1.16822E+04  1.81011E+00  1.62572E-03  2.07873E+00  1.58023E-03  2.07810E+00  1.58436E-03
  8.57001E+02  1.16686E+04  1.81076E+00  1.61705E-03  2.07936E+00  1.57286E-03  2.07873E+00  1.57697E-03
  8.58001E+02  1.16550E+04  1.81141E+00  1.60844E-03  2.07999E+00  1.56553E-03  2.07936E+00  1.56962E-03
  8.59001E+02  1.16414E+04  1.81205E+00  1.59990E-03  2.08061E+00  1.55825E-03  2.07998E+00  1.56232E-03
  8.60001E+02  1.16279E+04  1.81269E+00  1.59143E-03  2.08123E+00  1.55102E-03  2.08061E+00  1.55506E-03
  8.61001E+02  1.16144E+04  1.81332E+00  1.58302E-03  2.08185E+00  1.54384E-03  2.08123E+00  1.54786E-03
  8.62001E+02  1.16009E+04  1.81395E+00  1.57467E-03  2.08247E+00  1.53670E-03  2.08184E+00  1.54070E-03
  8.63001E+02  1.15875E+04  1.81458E+00  1.56639E-03  2.08308E+00  1.52961E-03  2.08246E+00  1.53359E-03
  8.64001E+02  1.15741E+04  1.81521E+00  1.55817E-03  2.08369E+00  1.52257E-03  2.08307E+00  1.52653E-03
  8.65001E+02  1.15607E+04  1.81583E+00  1.55002E-03  2.08430E+00  1.51557E-03  2.08368E+00  1.51951E-03
  8.66001E+02  1.15473E+04  1.81645E+00  1.54192E-03  2.08491E+00  1.50862E-03  2.08429E+00  1.51253E-03
  8.67001E+02  1.15340E+04  1.81706E+00  1.53389E-03  2.08551E+00  1.50171E-03  2.08489E+00  1.50561E-03
  8.68001E+02  1.15207E+04  1.81767E+00  1.52592E-03  2.08611E+00  1.49485E-03  2.08549E+00  1.49872E-03
  8.69001E+02  1.15075E+04  1.81828E+00  1.51801E-03  2.08670E+00  1.48803E-03  2.08609E+00  1.49188E-03
  8.70001E+02  1.14942E+04  1.81889E+00  1.51016E-03  2.08730E+00  1.48125E-03  2.08668E+00  1.48509E-03
  8.71001E+02  1.14810E+04  1.81949E+00  1.50236E-03  2.08789E+00  1.47452E-03  2.08728E+00  1.47834E-03
  8.72001E+02  1.14679E+04  1.82009E+00  1.49463E-03  2.08848E+00  1.46783E-03  2.08787E+00  1.47163E-03
  8.73001E+02  1.14547E+04  1.82069E+00  1.48695E-03  2.08906E+00  1.46119E-03  2.08845E+00  1.46497E-03
  8.74001E+02  1.14416E+04  1.82128E+00  1.47933E-03  2.08965E+00  1.45458E-03  2.08904E+00  1.45834E-03
  8.75001E+02  1.14286E+04  1.82187E+00  1.47177E-03  2.09023E+00  1.44802E-03  2.08962E+00  1.45176E-03
  8.76001E+02  1.14155E+04  1.82246E+00  1.46426E-03  2.09080E+00  1.44150E-03  2.09020E+00  1.44523E-03
  8.77001E+02  1.14025E+04  1.82304E+00  1.45681E-03  2.09138E+00  1.43503E-03  2.09078E+00  1.43873E-03
  8.78001E+02  1.13895E+04  1.82362E+00  1.44941E-03  2.09195E+00  1.42859E-03  2.09135E+00  1.43227E-03
  8.79001E+02  1.13766E+04  1.82420E+00  1.44207E-03  2.09252E+00  1.42219E-03  2.09192E+00  1.42586E-03
  8.80001E+02  1.13636E+04  1.82478E+00  1.43478E-03  2.09309E+00  1.41584E-03  2.09249E+00  1.41949E-03
  8.81001E+02  1.13507E+04  1.82535E+00  1.42755E-03  2.09365E+00  1.40952E-03  2.09306E+00  1.41315E-03
  8.82001E+02  1.13379E+04  1.82592E+00  1.42036E-03  2.09422E+00  1.40325E-03  2.09362E+00  1.40686E-03
  8.83001E+02  1.13250E+04  1.82648E+00  1.41323E-03  2.09478E+00  1.39701E-03  2.09418E+00  1.40060E-03
  8.84001E+02  1.13122E+04  1.82705E+00  1.40615E-03  2.09533E+00  1.39081E-03  2.09474E+00  1.39439E-03
  8.85001E+02  1.12994E+04  1.82761E+00  1.39913E-03  2.09589E+00  1.38465E-03  2.09530E+00  1.38821E-03
  8.86001E+02  1.12867E+04  1.82817E+00  1.39215E-03  2.09644E+00  1.37853E-03  2.09585E+00  1.38208E-03
  8.87001E+02  1.12739E+04  1.82872E+00  1.38522E-03  2.09699E+00  1.37245E-03  2.09641E+00  1.37598E-03
  8.88001E+02  1.12612E+04  1.82928E+00  1.37835E-03  2.09754E+00  1.36640E-03  2.09695E+00  1.36991E-03
  8.89001E+02  1.12486E+04  1.82983E+00  1.37152E-03  2.09809E+00  1.36040E-03  2.09750E+00  1.36389E-03
  8.90001E+02  1.12359E+04  1.83037E+00  1.36474E-03  2.09863E+00  1.35443E-03  2.09805E+00  1.35790E-03
  8.91001E+02  1.12233E+04  1.83092E+00  1.35801E-03  2.09917E+00  1.34849E-03  2.09859E+00  1.35195E-03
  8.92001E+02  1.12107E+04  1.83146E+00  1.35133E-03  2.09971E+00  1.34260E-03  2.09913E+00  1.34604E-03
  8.93001E+02  1.11982E+04  1.83200E+00  1.34470E-03  2.10024E+00  1.33674E-03  2.09966E+00  1.34016E-03
  8.94001E+02  1.11857E+04  1.83253E+00  1.33811E-03  2.10078E+00  1.33091E-03  2.10020E+00  1.33432E-03
  8.95001E+02  1.11732E+04  1.83307E+00  1.33157E-03  2.10131E+00  1.32512E-03  2.10073E+00  1.32852E-03
  8.96001E+02  1.11607E+04  1.83360E+00  1.32507E-03  2.10184E+00  1.31937E-03  2.10126E+00  1.32275E-03
  8.97001E+02  1.11483E+04  1.83413E+00  1.31862E-03  2.10236E+00  1.31365E-03  2.10179E+00  1.31702E-03
  8.98001E+02  1.11358E+04  1.83465E+00  1.31222E-03  2.10289E+00  1.30797E-03  2.10232E+00  1.31132E-03
  8.99001E+02  1.11235E+04  1.83518E+00  1.30586E-03  2.10341E+00  1.30232E-03  2.10284E+00  1.30565E-03
  9.00001E+02  1.11111E+04  1.83570E+00  1.29955E-03  2.10393E+00  1.29671E-03  2.10336E+00  1.30002E-03
  9.01001E+02  1.10988E+04  1.83622E+00  1.29328E-03  2.10445E+00  1.29113E-03  2.10388E+00  1.29443E-03
  9.02001E+02  1.10865E+04  1.83673E+00  1.28705E-03  2.10496E+00  1.28558E-03  2.10440E+00  1.28887E-03
  9.03001E+02  1.10742E+04  1.83725E+00  1.28087E-03  2.10548E+00  1.28007E-03  2.10491E+00  1.28334E-03
  9.04001E+02  1.10619E+04  1.83776E+00  1.27472E-03  2.10599E+00  1.27459E-03  2.10542E+00  1.27784E-03
  9.05001E+02  1.10497E+04  1.83827E+00  1.26863E-03  2.10650E+00  1.26914E-03  2.10593E+00  1.27238E-03
  9.06001E+02  1.10375E+04  1.83877E+00  1.26257E-03  2.10700E+00  1.26372E-03  2.10644E+00  1.26695E-03
  9.07001E+02  1.10253E+04  1.83928E+00  1.25656E-03  2.10751E+00  1.25834E-03  2.10695E+00  1.26156E-03
  9.08001E+02  1.10132E+04  1.83978E+00  1.25058E-03  2.10801E+00  1.25299E-03  2.10745E+00  1.25619E-03
  9.09001E+02  1.10011E+04  1.84028E+00  1.24465E-03  2.10851E+00  1.24767E-03  2.10795E+00  1.25086E-03
  9.10001E+02  1.09890E+04  1.84077E+00  1.23876E-03  2.10901E+00  1.24239E-03  2.10845E+00  1.24556E-03
  9.11001E+02  1.09769E+04  1.84127E+00  1.23291E-03  2.10950E+00  1.23713E-03  2.10895E+00  1.24029E-03
  9.12001E+02  1.09649E+04  1.84176E+00  1.22709E-03  2.11000E+00  1.23191E-03  2.10944E+00  1.23506E-03
  9.13001E+02  1.09529E+04  1.84225E+00  1.22132E-03  2.11049E+00  1.22672E-03  2.10993E+00  1.22985E-03
  9.14001E+02  1.09409E+04  1.84274E+00  1.21559E-03  2.11098E+00  1.22156E-03  2.11043E+00  1.22467E-03
  9.15001E+02  1.09289E+04  1.84322E+00  1.20989E-03  2.11146E+00  1.21642E-03  2.11091E+00  1.21953E-03
  9.16001E+02  1.09170E+04  1.84371E+00  1.20423E-03  2.11195E+00  1.21132E-03  2.11140E+00  1.21442E-03
  9.17001E+02  1.09051E+04  1.84419E+00  1.19862E-03  2.11243E+00  1.20625E-03  2.11189E+00  1.20933E-03
  9.18001E+02  1.08932E+04  1.84466E+00  1.19304E-03  2.11292E+00  1.20121E-03  2.11237E+00  1.20428E-03
  9.19001E+02  1.08814E+04  1.84514E+00  1.18749E-03  2.11339E+00  1.19620E-03  2.11285E+00  1.19925E-03
  9.20001E+02  1.08696E+04  1.84561E+00  1.18199E-03  2.11387E+00  1.19122E-03  2.11333E+00  1.19426E-03
  9.21001E+02  1.08578E+04  1.84609E+00  1.17652E-03  2.11435E+00  1.18626E-03  2.11380E+00  1.18929E-03
  9.22001E+02  1.08460E+04  1.84656E+00  1.17108E-03  2.11482E+00  1.18134E-03  2.11428E+00  1.18435E-03
  9.23001E+02  1.08342E+04  1.84702E+00  1.16568E-03  2.11529E+00  1.17644E-03  2.11475E+00  1.17944E-03
  9.24001E+02  1.08225E+04  1.84749E+00  1.16032E-03  2.11576E+00  1.17158E-03  2.11522E+00  1.17456E-03
  9.25001E+02  1.08108E+04  1.84795E+00  1.15500E-03  2.11623E+00  1.16674E-03  2.11569E+00  1.16971E-03
  9.26001E+02  1.07991E+04  1.84841E+00  1.14971E-03  2.11670E+00  1.16193E-03  2.11616E+00  1.16489E-03
  9.27001E+02  1.07875E+04  1.84887E+00  1.14445E-03  2.11716E+00  1.15714E-03  2.11662E+00  1.16009E-03
  9.28001E+02  1.07759E+04  1.84933E+00  1.13923E-03  2.11762E+00  1.15239E-03  2.11709E+00  1.15533E-03
  9.29001E+02  1.07643E+04  1.84978E+00  1.13404E-03  2.11808E+00  1.14766E-03  2.11755E+00  1.15059E-03
  9.30001E+02  1.07527E+04  1.85023E+00  1.12889E-03  2.11854E+00  1.14296E-03  2.11801E+00  1.14587E-03
  9.31001E+02  1.07411E+04  1.85068E+00  1.12377E-03  2.11900E+00  1.13828E-03  2.11846E+00  1.14119E-03
  9.32001E+02  1.07296E+04  1.85113E+00  1.11868E-03  2.11945E+00  1.13364E-03  2.11892E+00  1.13653E-03
  9.33001E+02  1.07181E+04  1.85158E+00  1.11363E-03  2.11990E+00  1.12902E-03  2.11937E+00  1.13190E-03
  9.34001E+02  1.07066E+04  1.85202E+00  1.10860E-03  2.12035E+00  1.12442E-03  2.11983E+00  1.12729E-03
  9.35001E+02  1.06952E+04  1.85247E+00  1.10362E-03  2.12080E+00  1.11985E-03  2.12028E+00  1.12271E-03
  9.36001E+02  1.06837E+04  1.85291E+00  1.09866E-03  2.12125E+00  1.11531E-03  2.12072E+00  1.11816E-03
  9.37001E+02  1.06723E+04  1.85335E+00  1.09373E-03  2.12169E+00  1.11079E-03  2.12117E+00  1.11363E-03
  9.38001E+02  1.06610E+04  1.85378E+00  1.08884E-03  2.12214E+00  1.10630E-03  2.12161E+00  1.10913E-03
  9.39001E+02  1.06496E+04  1.85422E+00  1.08398E-03  2.12258E+00  1.10184E-03  2.12206E+00  1.10465E-03
  9.40001E+02  1.06383E+04  1.85465E+00  1.07915E-03  2.12302E+00  1.09740E-03  2.12250E+00  1.10020E-03
  9.41001E+02  1.06270E+04  1.85508E+00  1.07435E-03  2.12346E+00  1.09298E-03  2.12294E+00  1.09577E-03
  9.42001E+02  1.06157E+04  1.85551E+00  1.06958E-03  2.12389E+00  1.08859E-03  2.12337E+00  1.09137E-03
  9.43001E+02  1.06044E+04  1.85594E+00  1.06484E-03  2.12433E+00  1.08423E-03  2.12381E+00  1.08699E-03
  9.44001E+02  1.05932E+04  1.85636E+00  1.06013E-03  2.12476E+00  1.07988E-03  2.12424E+00  1.08264E-03
  9.45001E+02  1.05820E+04  1.85678E+00  1.05545E-03  2.12519E+00  1.07557E-03  2.12468E+00  1.07831E-03
  9.46001E+02  1.05708E+04  1.85720E+00  1.05081E-03  2.12562E+00  1.07128E-03  2.12511E+00  1.07401E-03
  9.47001E+02  1.05597E+04  1.85762E+00  1.04619E-03  2.12605E+00  1.06701E-03  2.12554E+00  1.06973E-03
  9.48001E+02  1.05485E+04  1.85804E+00  1.04159E-03  2.12647E+00  1.06276E-03  2.12596E+00  1.06548E-03
  9.49001E+02  1.05374E+04  1.85846E+00  1.03703E-03  2.12690E+00  1.05854E-03  2.12639E+00  1.06124E-03
