  1.00000E-03  1.00000E+10  8.79742E+00  4.69327E-07  5.24188E+00  1.11510E-07
  1.00100E+00  9.99001E+06  8.79751E+00  4.70960E-04  5.24190E+00  1.17846E-04
  2.00100E+00  4.99750E+06  8.79779E+00  9.41551E-04  5.24197E+00  2.35586E-04
  3.00100E+00  3.33222E+06  8.79826E+00  1.41235E-03  5.24209E+00  3.53346E-04
  4.00100E+00  2.49938E+06  8.79892E+00  1.88345E-03  5.24226E+00  4.71140E-04
  5.00100E+00  1.99960E+06  8.79977E+00  2.35496E-03  5.24247E+00  5.88976E-04
  6.00100E+00  1.66639E+06  8.80080E+00  2.82699E-03  5.24273E+00  7.06866E-04
  7.00100E+00  1.42837E+06  8.80203E+00  3.29963E-03  5.24303E+00  8.24821E-04
  8.00100E+00  1.24984E+06  8.80344E+00  3.77299E-03  5.24339E+00  9.42852E-04
  9.00100E+00  1.11099E+06  8.80505E+00  4.24718E-03  5.24379E+00  1.06097E-03
  1.00010E+01  9.99900E+05  8.80684E+00  4.72229E-03  5.24424E+00  1.17918E-03
  1.10010E+01  9.09008E+05  8.80882E+00  5.19843E-03  5.24473E+00  1.29751E-03
  1.20010E+01  8.33264E+05  8.81100E+00  5.67572E-03  5.24527E+00  1.41595E-03
  1.30010E+01  7.69172E+05  8.81336E+00  6.15424E-03  5.24586E+00  1.53452E-03
  1.40010E+01  7.14235E+05  8.81592E+00  6.63412E-03  5.24650E+00  1.65323E-03
  1.50010E+01  6.66622E+05  8.81867E+00  7.11546E-03  5.24719E+00  1.77210E-03
  1.60010E+01  6.24961E+05  8.82161E+00  7.59837E-03  5.24792E+00  1.89112E-03
  1.70010E+01  5.88201E+05  8.82474E+00  8.08296E-03  5.24870E+00  2.01033E-03
  1.80010E+01  5.55525E+05  8.82807E+00  8.56934E-03  5.24953E+00  2.12971E-03
  1.90010E+01  5.26288E+05  8.83159E+00  9.05762E-03  5.25040E+00  2.24930E-03
  2.00010E+01  4.99975E+05  8.83531E+00  9.54791E-03  5.25133E+00  2.36909E-03
  2.10010E+01  4.76168E+05  8.83923E+00  1.00403E-02  5.25230E+00  2.48910E-03
  2.20010E+01  4.54525E+05  8.84334E+00  1.05350E-02  5.25332E+00  2.60934E-03
  2.30010E+01  4.34764E+05  8.84765E+00  1.10320E-02  5.25438E+00  2.72982E-03
  2.40010E+01  4.16649E+05  8.85216E+00  1.15315E-02  5.25550E+00  2.85056E-03
  2.50010E+01  3.99984E+05  8.85688E+00  1.20337E-02  5.25666E+00  2.97156E-03
  2.60010E+01  3.84601E+05  8.86179E+00  1.25385E-02  5.25788E+00  3.09284E-03
  2.70010E+01  3.70357E+05  8.86690E+00  1.30462E-02  5.25914E+00  3.21440E-03
  2.80010E+01  3.57130E+05  8.87222E+00  1.35568E-02  5.26045E+00  3.33627E-03
  2.90010E+01  3.44816E+05  8.87774E+00  1.40706E-02  5.26181E+00  3.45845E-03
  3.00010E+01  3.33322E+05  8.88347E+00  1.45876E-02  5.26321E+00  3.58095E-03
  3.10010E+01  3.22570E+05  8.88941E+00  1.51079E-02  5.26467E+00  3.70378E-03
  3.20010E+01  3.12490E+05  8.89555E+00  1.56318E-02  5.26618E+00  3.82697E-03
  3.30010E+01  3.03021E+05  8.90191E+00  1.61592E-02  5.26773E+00  3.95051E-03
  3.40010E+01  2.94109E+05  8.90847E+00  1.66905E-02  5.26934E+00  4.07443E-03
  3.50010E+01  2.85706E+05  8.91525E+00  1.72256E-02  5.27099E+00  4.19873E-03
  3.60010E+01  2.77770E+05  8.92225E+00  1.77648E-02  5.27269E+00  4.32342E-03
  3.70010E+01  2.70263E+05  8.92946E+00  1.83082E-02  5.27445E+00  4.44853E-03
  3.80010E+01  2.63151E+05  8.93689E+00  1.88560E-02  5.27625E+00  4.57406E-03
  3.90010E+01  2.56404E+05  8.94454E+00  1.94083E-02  5.27811E+00  4.70002E-03
  4.00010E+01  2.49994E+05  8.95241E+00  1.99652E-02  5.28001E+00  4.82643E-03
  4.10010E+01  2.43896E+05  8.96050E+00  2.05269E-02  5.28197E+00  4.95330E-03
  4.20010E+01  2.38090E+05  8.96882E+00  2.10936E-02  5.28397E+00  5.08064E-03
  4.30010E+01  2.32553E+05  8.97737E+00  2.16655E-02  5.28603E+00  5.20847E-03
  4.40010E+01  2.27268E+05  8.98615E+00  2.22427E-02  5.28814E+00  5.33681E-03
  4.50010E+01  2.22217E+05  8.99515E+00  2.28253E-02  5.29030E+00  5.46565E-03
  4.60010E+01  2.17387E+05  9.00440E+00  2.34136E-02  5.29251E+00  5.59503E-03
  4.70010E+01  2.12761E+05  9.01388E+00  2.40078E-02  5.29477E+00  5.72494E-03
  4.80010E+01  2.08329E+05  9.02359E+00  2.46080E-02  5.29709E+00  5.85541E-03
  4.90010E+01  2.04077E+05  9.03355E+00  2.52144E-02  5.29946E+00  5.98645E-03
  5.00010E+01  1.99996E+05  9.04376E+00  2.58273E-02  5.30188E+00  6.11807E-03
  5.10010E+01  1.96075E+05  9.05421E+00  2.64467E-02  5.30435E+00  6.25029E-03
  5.20010E+01  1.92304E+05  9.06490E+00  2.70730E-02  5.30688E+00  6.38313E-03
  5.30010E+01  1.88676E+05  9.07585E+00  2.77063E-02  5.30946E+00  6.51659E-03
  5.40010E+01  1.85182E+05  9.08706E+00  2.83469E-02  5.31209E+00  6.65069E-03
  5.50010E+01  1.81815E+05  9.09852E+00  2.89949E-02  5.31478E+00  6.78545E-03
  5.60010E+01  1.78568E+05  9.11024E+00  2.96506E-02  5.31752E+00  6.92088E-03
  5.70010E+01  1.75436E+05  9.12223E+00  3.03142E-02  5.32031E+00  7.05700E-03
  5.80010E+01  1.72411E+05  9.13448E+00  3.09860E-02  5.32316E+00  7.19383E-03
  5.90010E+01  1.69489E+05  9.14700E+00  3.16663E-02  5.32607E+00  7.33137E-03
  6.00010E+01  1.66664E+05  9.15980E+00  3.23551E-02  5.32903E+00  7.46965E-03
  6.10010E+01  1.63932E+05  9.17287E+00  3.30529E-02  5.33204E+00  7.60868E-03
  6.20010E+01  1.61288E+05  9.18623E+00  3.37600E-02  5.33511E+00  7.74848E-03
  6.30010E+01  1.58728E+05  9.19987E+00  3.44764E-02  5.33824E+00  7.88906E-03
  6.40010E+01  1.56248E+05  9.21379E+00  3.52027E-02  5.34142E+00  8.03045E-03
  6.50010E+01  1.53844E+05  9.22801E+00  3.59390E-02  5.34466E+00  8.17265E-03
  6.60010E+01  1.51513E+05  9.24253E+00  3.66856E-02  5.34796E+00  8.31569E-03
  6.70010E+01  1.49252E+05  9.25735E+00  3.74429E-02  5.35131E+00  8.45959E-03
  6.80010E+01  1.47057E+05  9.27247E+00  3.82112E-02  5.35473E+00  8.60436E-03
  6.90010E+01  1.44925E+05  9.28790E+00  3.89908E-02  5.35820E+00  8.75002E-03
  7.00010E+01  1.42855E+05  9.30364E+00  3.97820E-02  5.36172E+00  8.89658E-03
  7.10010E+01  1.40843E+05  9.31970E+00  4.05853E-02  5.36531E+00  9.04408E-03
  7.20010E+01  1.38887E+05  9.33609E+00  4.14009E-02  5.36896E+00  9.19252E-03
  7.30010E+01  1.36984E+05  9.35281E+00  4.22292E-02  5.37266E+00  9.34192E-03
  7.40010E+01  1.35133E+05  9.36985E+00  4.30707E-02  5.37643E+00  9.49231E-03
  7.50010E+01  1.33332E+05  9.38724E+00  4.39258E-02  5.38026E+00  9.64371E-03
  7.60010E+01  1.31577E+05  9.40497E+00  4.47948E-02  5.38414E+00  9.79613E-03
  7.70010E+01  1.29868E+05  9.42306E+00  4.56781E-02  5.38809E+00  9.94959E-03
  7.80010E+01  1.28203E+05  9.44149E+00  4.65763E-02  5.39210E+00  1.01041E-02
  7.90010E+01  1.26581E+05  9.46029E+00  4.74897E-02  5.39617E+00  1.02597E-02
  8.00010E+01  1.24998E+05  9.47946E+00  4.84190E-02  5.40031E+00  1.04165E-02
  8.10010E+01  1.23455E+05  9.49900E+00  4.93644E-02  5.40450E+00  1.05743E-02
  8.20010E+01  1.21950E+05  9.51893E+00  5.03266E-02  5.40876E+00  1.07333E-02
  8.30010E+01  1.20480E+05  9.53924E+00  5.13061E-02  5.41309E+00  1.08935E-02
  8.40010E+01  1.19046E+05  9.55994E+00  5.23035E-02  5.41748E+00  1.10549E-02
  8.50010E+01  1.17646E+05  9.58105E+00  5.33192E-02  5.42193E+00  1.12175E-02
  8.60010E+01  1.16278E+05  9.60257E+00  5.43539E-02  5.42645E+00  1.13814E-02
  8.70010E+01  1.14941E+05  9.62451E+00  5.54082E-02  5.43103E+00  1.15465E-02
  8.80010E+01  1.13635E+05  9.64687E+00  5.64828E-02  5.43569E+00  1.17129E-02
  8.90010E+01  1.12358E+05  9.66966E+00  5.75782E-02  5.44040E+00  1.18806E-02
  9.00010E+01  1.11110E+05  9.69290E+00  5.86953E-02  5.44519E+00  1.20497E-02
  9.10010E+01  1.09889E+05  9.71658E+00  5.98346E-02  5.45004E+00  1.22202E-02
  9.20010E+01  1.08694E+05  9.74073E+00  6.09969E-02  5.45496E+00  1.23920E-02
  9.30010E+01  1.07526E+05  9.76534E+00  6.21831E-02  5.45995E+00  1.25653E-02
  9.40010E+01  1.06382E+05  9.79044E+00  6.33938E-02  5.46501E+00  1.27400E-02
  9.50010E+01  1.05262E+05  9.81602E+00  6.46300E-02  5.47014E+00  1.29162E-02
  9.60010E+01  1.04166E+05  9.84210E+00  6.58925E-02  5.47534E+00  1.30939E-02
  9.70010E+01  1.03092E+05  9.86869E+00  6.71822E-02  5.48061E+00  1.32731E-02
  9.80010E+01  1.02040E+05  9.89580E+00  6.85001E-02  5.48596E+00  1.34539E-02
  9.90010E+01  1.01009E+05  9.92345E+00  6.98471E-02  5.49138E+00  1.36363E-02
  1.00001E+02  9.99990E+04  9.95163E+00  7.12242E-02  5.49686E+00  1.38204E-02
  1.01001E+02  9.90089E+04  9.98038E+00  7.26326E-02  5.50243E+00  1.40061E-02
  1.02001E+02  9.80383E+04  1.00097E+01  7.40733E-02  5.50807E+00  1.41934E-02
  1.03001E+02  9.70864E+04  1.00396E+01  7.55475E-02  5.51378E+00  1.43825E-02
  1.04001E+02  9.61529E+04  1.00701E+01  7.70565E-02  5.51957E+00  1.45734E-02
  1.05001E+02  9.52372E+04  1.01012E+01  7.86015E-02  5.52544E+00  1.47660E-02
  1.06001E+02  9.43387E+04  1.01329E+01  8.01838E-02  5.53138E+00  1.49604E-02
  1.07001E+02  9.34571E+04  1.01653E+01  8.18048E-02  5.53740E+00  1.51567E-02
  1.08001E+02  9.25917E+04  1.01983E+01  8.34661E-02  5.54350E+00  1.53549E-02
  1.09001E+02  9.17423E+04  1.02320E+01  8.51690E-02  5.54968E+00  1.55551E-02
  1.10001E+02  9.09083E+04  1.02663E+01  8.69153E-02  5.55594E+00  1.57572E-02
  1.11001E+02  9.00893E+04  1.03014E+01  8.87066E-02  5.56229E+00  1.59613E-02
  1.12001E+02  8.92849E+04  1.03372E+01  9.05446E-02  5.56871E+00  1.61674E-02
  1.13001E+02  8.84948E+04  1.03738E+01  9.24313E-02  5.57522E+00  1.63756E-02
  1.14001E+02  8.77185E+04  1.04111E+01  9.43685E-02  5.58181E+00  1.65860E-02
  1.15001E+02  8.69558E+04  1.04492E+01  9.63583E-02  5.58848E+00  1.67985E-02
  1.16001E+02  8.62062E+04  1.04881E+01  9.84028E-02  5.59524E+00  1.70132E-02
  1.17001E+02  8.54694E+04  1.05278E+01  1.00504E-01  5.60209E+00  1.72302E-02
  1.18001E+02  8.47450E+04  1.05684E+01  1.02665E-01  5.60902E+00  1.74494E-02
  1.19001E+02  8.40329E+04  1.06099E+01  1.04888E-01  5.61605E+00  1.76710E-02
  1.20001E+02  8.33326E+04  1.06522E+01  1.07175E-01  5.62316E+00  1.78950E-02
  1.21001E+02  8.26439E+04  1.06955E+01  1.09530E-01  5.63036E+00  1.81214E-02
  1.22001E+02  8.19665E+04  1.07398E+01  1.11954E-01  5.63765E+00  1.83503E-02
  1.23001E+02  8.13002E+04  1.07850E+01  1.14452E-01  5.64503E+00  1.85817E-02
  1.24001E+02  8.06445E+04  1.08312E+01  1.17027E-01  5.65251E+00  1.88156E-02
  1.25001E+02  7.99994E+04  1.08785E+01  1.19682E-01  5.66008E+00  1.90523E-02
  1.26001E+02  7.93644E+04  1.09268E+01  1.22420E-01  5.66775E+00  1.92915E-02
  1.27001E+02  7.87395E+04  1.09763E+01  1.25246E-01  5.67551E+00  1.95336E-02
  1.28001E+02  7.81244E+04  1.10269E+01  1.28163E-01  5.68337E+00  1.97784E-02
  1.29001E+02  7.75188E+04  1.10787E+01  1.31176E-01  5.69133E+00  2.00260E-02
  1.30001E+02  7.69225E+04  1.11317E+01  1.34290E-01  5.69939E+00  2.02766E-02
  1.31001E+02  7.63353E+04  1.11859E+01  1.37510E-01  5.70755E+00  2.05301E-02
  1.32001E+02  7.57570E+04  1.12415E+01  1.40840E-01  5.71581E+00  2.07867E-02
  1.33001E+02  7.51874E+04  1.12984E+01  1.44286E-01  5.72417E+00  2.10463E-02
  1.34001E+02  7.46263E+04  1.13567E+01  1.47854E-01  5.73264E+00  2.13091E-02
  1.35001E+02  7.40735E+04  1.14165E+01  1.51551E-01  5.74121E+00  2.15751E-02
  1.36001E+02  7.35289E+04  1.14778E+01  1.55383E-01  5.74989E+00  2.18443E-02
  1.37001E+02  7.29922E+04  1.15406E+01  1.59357E-01  5.75868E+00  2.21169E-02
  1.38001E+02  7.24632E+04  1.16050E+01  1.63480E-01  5.76758E+00  2.23929E-02
  1.39001E+02  7.19419E+04  1.16711E+01  1.67762E-01  5.77659E+00  2.26724E-02
  1.40001E+02  7.14281E+04  1.17390E+01  1.72210E-01  5.78572E+00  2.29555E-02
  1.41001E+02  7.09215E+04  1.18086E+01  1.76834E-01  5.79495E+00  2.32422E-02
  1.42001E+02  7.04220E+04  1.18802E+01  1.81645E-01  5.80430E+00  2.35326E-02
  1.43001E+02  6.99296E+04  1.19536E+01  1.86652E-01  5.81377E+00  2.38268E-02
  1.44001E+02  6.94440E+04  1.20292E+01  1.91867E-01  5.82336E+00  2.41248E-02
  1.45001E+02  6.89650E+04  1.21068E+01  1.97304E-01  5.83307E+00  2.44268E-02
  1.46001E+02  6.84927E+04  1.21866E+01  2.02974E-01  5.84289E+00  2.47329E-02
  1.47001E+02  6.80267E+04  1.22688E+01  2.08894E-01  5.85285E+00  2.50430E-02
  1.48001E+02  6.75671E+04  1.23534E+01  2.15077E-01  5.86292E+00  2.53574E-02
  1.49001E+02  6.71136E+04  1.24404E+01  2.21542E-01  5.87312E+00  2.56761E-02
  1.50001E+02  6.66662E+04  1.25301E+01  2.28307E-01  5.88346E+00  2.59992E-02
  1.51001E+02  6.62247E+04  1.26226E+01  2.35392E-01  5.89392E+00  2.63268E-02
  1.52001E+02  6.57890E+04  1.27179E+01  2.42817E-01  5.90451E+00  2.66589E-02
  1.53001E+02  6.53590E+04  1.28163E+01  2.50608E-01  5.91524E+00  2.69958E-02
  1.54001E+02  6.49346E+04  1.29178E+01  2.58789E-01  5.92610E+00  2.73374E-02
  1.55001E+02  6.45157E+04  1.30227E+01  2.67388E-01  5.93710E+00  2.76840E-02
  1.56001E+02  6.41022E+04  1.31310E+01  2.76436E-01  5.94824E+00  2.80356E-02
  1.57001E+02  6.36939E+04  1.32431E+01  2.85967E-01  5.95952E+00  2.83923E-02
  1.58001E+02  6.32907E+04  1.33590E+01  2.96018E-01  5.97095E+00  2.87543E-02
  1.59001E+02  6.28927E+04  1.34790E+01  3.06628E-01  5.98252E+00  2.91216E-02
  1.60001E+02  6.24996E+04  1.36034E+01  3.17843E-01  5.99423E+00  2.94944E-02
  1.61001E+02  6.21114E+04  1.37323E+01  3.29712E-01  6.00610E+00  2.98729E-02
  1.62001E+02  6.17280E+04  1.38660E+01  3.42289E-01  6.01812E+00  3.02571E-02
  1.63001E+02  6.13493E+04  1.40049E+01  3.55636E-01  6.03030E+00  3.06471E-02
  1.64001E+02  6.09752E+04  1.41493E+01  3.69818E-01  6.04263E+00  3.10432E-02
  1.65001E+02  6.06057E+04  1.42994E+01  3.84912E-01  6.05512E+00  3.14455E-02
  1.66001E+02  6.02406E+04  1.44557E+01  4.01002E-01  6.06778E+00  3.18541E-02
  1.67001E+02  5.98799E+04  1.46185E+01  4.18180E-01  6.08060E+00  3.22691E-02
  1.68001E+02  5.95235E+04  1.47884E+01  4.36554E-01  6.09358E+00  3.26907E-02
  1.69001E+02  5.91712E+04  1.49657E+01  4.56242E-01  6.10674E+00  3.31192E-02
  1.70001E+02  5.88232E+04  1.51511E+01  4.77380E-01  6.12007E+00  3.35545E-02
  1.71001E+02  5.84792E+04  1.53451E+01  5.00120E-01  6.13357E+00  3.39970E-02
  1.72001E+02  5.81392E+04  1.55485E+01  5.24636E-01  6.14725E+00  3.44468E-02
  1.73001E+02  5.78031E+04  1.57618E+01  5.51130E-01  6.16112E+00  3.49040E-02
  1.74001E+02  5.74709E+04  1.59860E+01  5.79829E-01  6.17517E+00  3.53689E-02
  1.75001E+02  5.71425E+04  1.62218E+01  6.10999E-01  6.18940E+00  3.58416E-02
  1.76001E+02  5.68179E+04  1.64705E+01  6.44946E-01  6.20383E+00  3.63224E-02
  1.77001E+02  5.64969E+04  1.67329E+01  6.82027E-01  6.21845E+00  3.68114E-02
  1.78001E+02  5.61795E+04  1.70106E+01  7.22659E-01  6.23326E+00  3.73089E-02
  1.79001E+02  5.58656E+04  1.73048E+01  7.67335E-01  6.24828E+00  3.78150E-02
  1.80001E+02  5.55552E+04  1.76172E+01  8.16638E-01  6.26350E+00  3.83301E-02
  1.81001E+02  5.52483E+04  1.79498E+01  8.71262E-01  6.27893E+00  3.88543E-02
  1.82001E+02  5.49448E+04  1.83047E+01  9.32039E-01  6.29457E+00  3.93879E-02
  1.83001E+02  5.46445E+04  1.86843E+01  9.99980E-01  6.31043E+00  3.99310E-02
  1.84001E+02  5.43475E+04  1.90915E+01  1.07631E+00  6.32650E+00  4.04841E-02
  1.85001E+02  5.40538E+04  1.95298E+01  1.16255E+00  6.34280E+00  4.10473E-02
  1.86001E+02  5.37632E+04  2.00031E+01  1.26057E+00  6.35932E+00  4.16210E-02
  1.87001E+02  5.34756E+04  2.05160E+01  1.37274E+00  6.37608E+00  4.22053E-02
  1.88001E+02  5.31912E+04  2.10742E+01  1.50205E+00  6.39307E+00  4.28006E-02
  1.89001E+02  5.29098E+04  2.16844E+01  1.65236E+00  6.41030E+00  4.34073E-02
  1.90001E+02  5.26313E+04  2.23547E+01  1.82870E+00  6.42778E+00  4.40255E-02
  1.91001E+02  5.23557E+04  2.30951E+01  2.03777E+00  6.44550E+00  4.46557E-02
  1.92001E+02  5.20831E+04  2.39178E+01  2.28856E+00  6.46348E+00  4.52982E-02
  1.93001E+02  5.18132E+04  2.48381E+01  2.59351E+00  6.48172E+00  4.59532E-02
  1.94001E+02  5.15461E+04  2.58752E+01  2.97012E+00  6.50023E+00  4.66213E-02
  1.95001E+02  5.12818E+04  2.70533E+01  3.44366E+00  6.51900E+00  4.73028E-02
  1.96001E+02  5.10201E+04  2.84029E+01  4.05174E+00  6.53805E+00  4.79980E-02
  1.97001E+02  5.07612E+04  2.99622E+01  4.85206E+00  6.55738E+00  4.87073E-02
  1.98001E+02  5.05048E+04  3.17768E+01  5.93637E+00  6.57699E+00  4.94312E-02
  1.99001E+02  5.02510E+04  3.38942E+01  7.45588E+00  6.59690E+00  5.01701E-02
  2.00001E+02  4.99998E+04  3.63398E+01  9.66762E+00  6.61710E+00  5.09245E-02
  2.01001E+02  4.97510E+04  3.90334E+01  1.30107E+01  6.63761E+00  5.16949E-02
  2.02001E+02  4.95047E+04  4.15285E+01  1.81726E+01  6.65843E+00  5.24816E-02
  2.03001E+02  4.92608E+04  4.23997E+01  2.57940E+01  6.67957E+00  5.32852E-02
  2.04001E+02  4.90194E+04  3.90131E+01  3.47811E+01  6.70104E+00  5.41063E-02
  2.05001E+02  4.87802E+04  3.08680E+01  4.08592E+01  6.72283E+00  5.49454E-02
  2.06001E+02  4.85435E+04  2.21184E+01  4.17821E+01  6.74496E+00  5.58031E-02
  2.07001E+02  4.83089E+04  1.56697E+01  3.97723E+01  6.76744E+00  5.66799E-02
  2.08001E+02  4.80767E+04  1.14504E+01  3.69996E+01  6.79028E+00  5.75765E-02
  2.09001E+02  4.78467E+04  8.69826E+00  3.43232E+01  6.81347E+00  5.84935E-02
  2.10001E+02  4.76188E+04  6.84335E+00  3.19620E+01  6.83704E+00  5.94316E-02
  2.11001E+02  4.73931E+04  5.54354E+00  2.99272E+01  6.86098E+00  6.03914E-02
  2.12001E+02  4.71696E+04  4.59913E+00  2.81770E+01  6.88532E+00  6.13738E-02
  2.13001E+02  4.69481E+04  3.89102E+00  2.66629E+01  6.91005E+00  6.23794E-02
  2.14001E+02  4.67288E+04  3.34563E+00  2.53421E+01  6.93518E+00  6.34091E-02
  2.15001E+02  4.65114E+04  2.91588E+00  2.41799E+01  6.96074E+00  6.44637E-02
  2.16001E+02  4.62961E+04  2.57058E+00  2.31486E+01  6.98672E+00  6.55439E-02
  2.17001E+02  4.60827E+04  2.28845E+00  2.22264E+01  7.01313E+00  6.66509E-02
  2.18001E+02  4.58713E+04  2.05456E+00  2.13958E+01  7.03999E+00  6.77854E-02
  2.19001E+02  4.56619E+04  1.85821E+00  2.06429E+01  7.06732E+00  6.89484E-02
  2.20001E+02  4.54543E+04  1.69152E+00  1.99565E+01  7.09511E+00  7.01411E-02
  2.21001E+02  4.52487E+04  1.54861E+00  1.93274E+01  7.12338E+00  7.13644E-02
  2.22001E+02  4.50448E+04  1.42503E+00  1.87481E+01  7.15215E+00  7.26195E-02
  2.23001E+02  4.48428E+04  1.31730E+00  1.82124E+01  7.18143E+00  7.39076E-02
  2.24001E+02  4.46427E+04  1.22275E+00  1.77149E+01  7.21122E+00  7.52299E-02
  2.25001E+02  4.44442E+04  1.13922E+00  1.72515E+01  7.24156E+00  7.65877E-02
  2.26001E+02  4.42476E+04  1.06500E+00  1.68181E+01  7.27244E+00  7.79824E-02
  2.27001E+02  4.40527E+04  9.98715E-01  1.64118E+01  7.30388E+00  7.94154E-02
  2.28001E+02  4.38595E+04  9.39221E-01  1.60298E+01  7.33591E+00  8.08881E-02
  2.29001E+02  4.36679E+04  8.85588E-01  1.56696E+01  7.36853E+00  8.24022E-02
  2.30001E+02  4.34781E+04  8.37042E-01  1.53292E+01  7.40176E+00  8.39594E-02
  2.31001E+02  4.32899E+04  7.92935E-01  1.50068E+01  7.43563E+00  8.55613E-02
  2.32001E+02  4.31033E+04  7.52721E-01  1.47009E+01  7.47014E+00  8.72098E-02
  2.33001E+02  4.29183E+04  7.15937E-01  1.44100E+01  7.50532E+00  8.89068E-02
  2.34001E+02  4.27349E+04  6.82189E-01  1.41328E+01  7.54119E+00  9.06544E-02
  2.35001E+02  4.25530E+04  6.51141E-01  1.38684E+01  7.57776E+00  9.24546E-02
  2.36001E+02  4.23727E+04  6.22501E-01  1.36157E+01  7.61507E+00  9.43099E-02
  2.37001E+02  4.21939E+04  5.96017E-01  1.33737E+01  7.65312E+00  9.62225E-02
  2.38001E+02  4.20166E+04  5.71470E-01  1.31418E+01  7.69196E+00  9.81949E-02
  2.39001E+02  4.18408E+04  5.48671E-01  1.29193E+01  7.73158E+00  1.00230E-01
  2.40001E+02  4.16665E+04  5.27450E-01  1.27053E+01  7.77204E+00  1.02330E-01
  2.41001E+02  4.14936E+04  5.07662E-01  1.24995E+01  7.81334E+00  1.04499E-01
  2.42001E+02  4.13221E+04  4.89176E-01  1.23012E+01  7.85553E+00  1.06739E-01
  2.43001E+02  4.11521E+04  4.71878E-01  1.21100E+01  7.89862E+00  1.09054E-01
  2.44001E+02  4.09834E+04  4.55664E-01  1.19254E+01  7.94265E+00  1.11448E-01
  2.45001E+02  4.08162E+04  4.40444E-01  1.17470E+01  7.98765E+00  1.13923E-01
  2.46001E+02  4.06502E+04  4.26137E-01  1.15744E+01  8.03366E+00  1.16485E-01
  2.47001E+02  4.04857E+04  4.12669E-01  1.14074E+01  8.08070E+00  1.19137E-01
  2.48001E+02  4.03224E+04  3.99976E-01  1.12455E+01  8.12882E+00  1.21884E-01
  2.49001E+02  4.01605E+04  3.87997E-01  1.10885E+01  8.17806E+00  1.24731E-01
  2.50001E+02  3.99998E+04  3.76680E-01  1.09361E+01  8.22844E+00  1.27683E-01
  2.51001E+02  3.98405E+04  3.65977E-01  1.07881E+01  8.28003E+00  1.30746E-01
  2.52001E+02  3.96824E+04  3.55844E-01  1.06442E+01  8.33286E+00  1.33924E-01
  2.53001E+02  3.95255E+04  3.46241E-01  1.05042E+01  8.38698E+00  1.37226E-01
  2.54001E+02  3.93699E+04  3.37132E-01  1.03680E+01  8.44244E+00  1.40656E-01
  2.55001E+02  3.92155E+04  3.28484E-01  1.02352E+01  8.49930E+00  1.44223E-01
  2.56001E+02  3.90623E+04  3.20268E-01  1.01059E+01  8.55760E+00  1.47935E-01
  2.57001E+02  3.89104E+04  3.12455E-01  9.97965E+00  8.61741E+00  1.51799E-01
  2.58001E+02  3.87595E+04  3.05021E-01  9.85648E+00  8.67879E+00  1.55824E-01
  2.59001E+02  3.86099E+04  2.97942E-01  9.73618E+00  8.74181E+00  1.60021E-01
  2.60001E+02  3.84614E+04  2.91197E-01  9.61864E+00  8.80653E+00  1.64399E-01
  2.61001E+02  3.83140E+04  2.84767E-01  9.50371E+00  8.87303E+00  1.68969E-01
  2.62001E+02  3.81678E+04  2.78633E-01  9.39128E+00  8.94139E+00  1.73744E-01
  2.63001E+02  3.80227E+04  2.72780E-01  9.28123E+00  9.01169E+00  1.78736E-01
  2.64001E+02  3.78786E+04  2.67191E-01  9.17346E+00  9.08402E+00  1.83961E-01
  2.65001E+02  3.77357E+04  2.61853E-01  9.06787E+00  9.15848E+00  1.89432E-01
  2.66001E+02  3.75938E+04  2.56752E-01  8.96435E+00  9.23516E+00  1.95167E-01
  2.67001E+02  3.74530E+04  2.51876E-01  8.86281E+00  9.31418E+00  2.01183E-01
  2.68001E+02  3.73133E+04  2.47214E-01  8.76317E+00  9.39565E+00  2.07501E-01
  2.69001E+02  3.71746E+04  2.42756E-01  8.66535E+00  9.47968E+00  2.14142E-01
  2.70001E+02  3.70369E+04  2.38491E-01  8.56927E+00  9.56643E+00  2.21129E-01
  2.71001E+02  3.69002E+04  2.34411E-01  8.47484E+00  9.65601E+00  2.28489E-01
  2.72001E+02  3.67646E+04  2.30508E-01  8.38201E+00  9.74860E+00  2.36249E-01
  2.73001E+02  3.66299E+04  2.26773E-01  8.29070E+00  9.84435E+00  2.44441E-01
  2.74001E+02  3.64962E+04  2.23200E-01  8.20084E+00  9.94344E+00  2.53098E-01
  2.75001E+02  3.63635E+04  2.19781E-01  8.11237E+00  1.00461E+01  2.62259E-01
  2.76001E+02  3.62318E+04  2.16511E-01  8.02524E+00  1.01524E+01  2.71966E-01
  2.77001E+02  3.61010E+04  2.13384E-01  7.93938E+00  1.02627E+01  2.82265E-01
  2.78001E+02  3.59711E+04  2.10394E-01  7.85475E+00  1.03772E+01  2.93207E-01
  2.79001E+02  3.58422E+04  2.07536E-01  7.77127E+00  1.04962E+01  3.04851E-01
  2.80001E+02  3.57142E+04  2.04806E-01  7.68891E+00  1.06199E+01  3.17260E-01
  2.81001E+02  3.55871E+04  2.02200E-01  7.60762E+00  1.07487E+01  3.30507E-01
  2.82001E+02  3.54609E+04  1.99712E-01  7.52734E+00  1.08829E+01  3.44672E-01
  2.83001E+02  3.53356E+04  1.97341E-01  7.44802E+00  1.10229E+01  3.59848E-01
  2.84001E+02  3.52111E+04  1.95082E-01  7.36964E+00  1.11691E+01  3.76137E-01
  2.85001E+02  3.50876E+04  1.92932E-01  7.29213E+00  1.13219E+01  3.93656E-01
  2.86001E+02  3.49649E+04  1.90888E-01  7.21545E+00  1.14819E+01  4.12540E-01
  2.87001E+02  3.48431E+04  1.88948E-01  7.13958E+00  1.16496E+01  4.32941E-01
  2.88001E+02  3.47221E+04  1.87109E-01  7.06445E+00  1.18256E+01  4.55035E-01
  2.89001E+02  3.46020E+04  1.85370E-01  6.99004E+00  1.20107E+01  4.79024E-01
  2.90001E+02  3.44826E+04  1.83728E-01  6.91630E+00  1.22055E+01  5.05143E-01
  2.91001E+02  3.43641E+04  1.82182E-01  6.84320E+00  1.24111E+01  5.33665E-01
  2.92001E+02  3.42465E+04  1.80730E-01  6.77070E+00  1.26283E+01  5.64910E-01
  2.93001E+02  3.41296E+04  1.79371E-01  6.69876E+00  1.28582E+01  5.99253E-01
  2.94001E+02  3.40135E+04  1.78104E-01  6.62735E+00  1.31021E+01  6.37140E-01
  2.95001E+02  3.38982E+04  1.76928E-01  6.55642E+00  1.33616E+01  6.79103E-01
  2.96001E+02  3.37837E+04  1.75842E-01  6.48594E+00  1.36381E+01  7.25779E-01
  2.97001E+02  3.36699E+04  1.74846E-01  6.41588E+00  1.39336E+01  7.77937E-01
  2.98001E+02  3.35569E+04  1.73941E-01  6.34621E+00  1.42504E+01  8.36519E-01
  2.99001E+02  3.34447E+04  1.73125E-01  6.27687E+00  1.45910E+01  9.02679E-01
  3.00001E+02  3.33332E+04  1.72399E-01  6.20784E+00  1.49584E+01  9.77852E-01
  3.01001E+02  3.32225E+04  1.71763E-01  6.13909E+00  1.53562E+01  1.06384E+00
  3.02001E+02  3.31125E+04  1.71219E-01  6.07057E+00  1.57888E+01  1.16294E+00
  3.03001E+02  3.30032E+04  1.70766E-01  6.00226E+00  1.62612E+01  1.27808E+00
  3.04001E+02  3.28946E+04  1.70407E-01  5.93410E+00  1.67796E+01  1.41312E+00
  3.05001E+02  3.27868E+04  1.70143E-01  5.86608E+00  1.73517E+01  1.57316E+00
  3.06001E+02  3.26796E+04  1.69974E-01  5.79814E+00  1.79869E+01  1.76506E+00
  3.07001E+02  3.25732E+04  1.69905E-01  5.73025E+00  1.86967E+01  1.99832E+00
  3.08001E+02  3.24674E+04  1.69936E-01  5.66237E+00  1.94959E+01  2.28627E+00
  3.09001E+02  3.23624E+04  1.70070E-01  5.59446E+00  2.04030E+01  2.64820E+00
  3.10001E+02  3.22580E+04  1.70310E-01  5.52648E+00  2.14411E+01  3.11276E+00
  3.11001E+02  3.21542E+04  1.70661E-01  5.45838E+00  2.26396E+01  3.72395E+00
  3.12001E+02  3.20512E+04  1.71125E-01  5.39012E+00  2.40332E+01  4.55169E+00
  3.13001E+02  3.19488E+04  1.71707E-01  5.32166E+00  2.56582E+01  5.71121E+00
  3.14001E+02  3.18470E+04  1.72412E-01  5.25295E+00  2.75343E+01  7.39829E+00
  3.15001E+02  3.17459E+04  1.73245E-01  5.18393E+00  2.96006E+01  9.94751E+00
  3.16001E+02  3.16455E+04  1.74213E-01  5.11456E+00  3.15179E+01  1.38828E+01
  3.17001E+02  3.15456E+04  1.75321E-01  5.04477E+00  3.22021E+01  1.96938E+01
  3.18001E+02  3.14464E+04  1.76579E-01  4.97453E+00  2.96462E+01  2.65526E+01
  3.19001E+02  3.13479E+04  1.77993E-01  4.90375E+00  2.34603E+01  3.12053E+01
  3.20001E+02  3.12499E+04  1.79574E-01  4.83239E+00  1.68038E+01  3.19318E+01
  3.21001E+02  3.11526E+04  1.81332E-01  4.76037E+00  1.18954E+01  3.04202E+01
  3.22001E+02  3.10558E+04  1.83279E-01  4.68761E+00  8.68413E+00  2.83246E+01
  3.23001E+02  3.09597E+04  1.85429E-01  4.61405E+00  6.59002E+00  2.63007E+01
  3.24001E+02  3.08641E+04  1.87795E-01  4.53961E+00  5.17905E+00  2.45158E+01
  3.25001E+02  3.07691E+04  1.90396E-01  4.46418E+00  4.19065E+00  2.29788E+01
  3.26001E+02  3.06748E+04  1.93249E-01  4.38768E+00  3.47274E+00  2.16580E+01
  3.27001E+02  3.05809E+04  1.96377E-01  4.31000E+00  2.93463E+00  2.05164E+01
  3.28001E+02  3.04877E+04  1.99805E-01  4.23104E+00  2.52029E+00  1.95217E+01
  3.29001E+02  3.03950E+04  2.03561E-01  4.15067E+00  2.19390E+00  1.86474E+01
  3.30001E+02  3.03029E+04  2.07676E-01  4.06875E+00  1.93171E+00  1.78724E+01
  3.31001E+02  3.02114E+04  2.12190E-01  3.98514E+00  1.71755E+00  1.71803E+01
  3.32001E+02  3.01204E+04  2.17145E-01  3.89968E+00  1.54005E+00  1.65576E+01
  3.33001E+02  3.00299E+04  2.22593E-01  3.81219E+00  1.39106E+00  1.59939E+01
  3.34001E+02  2.99400E+04  2.28593E-01  3.72246E+00  1.26461E+00  1.54807E+01
  3.35001E+02  2.98507E+04  2.35218E-01  3.63028E+00  1.15621E+00  1.50109E+01
  3.36001E+02  2.97618E+04  2.42552E-01  3.53539E+00  1.06249E+00  1.45789E+01
  3.37001E+02  2.96735E+04  2.50699E-01  3.43751E+00  9.80802E-01  1.41799E+01
  3.38001E+02  2.95857E+04  2.59785E-01  3.33630E+00  9.09107E-01  1.38099E+01
  3.39001E+02  2.94984E+04  2.69965E-01  3.23139E+00  8.45777E-01  1.34657E+01
  3.40001E+02  2.94117E+04  2.81434E-01  3.12235E+00  7.89510E-01  1.31444E+01
  3.41001E+02  2.93254E+04  2.94440E-01  3.00866E+00  7.39254E-01  1.28435E+01
  3.42001E+02  2.92397E+04  3.09303E-01  2.88974E+00  6.94148E-01  1.25610E+01
  3.43001E+02  2.91544E+04  3.26444E-01  2.76485E+00  6.53483E-01  1.22951E+01
  3.44001E+02  2.90697E+04  3.46432E-01  2.63315E+00  6.16671E-01  1.20442E+01
  3.45001E+02  2.89854E+04  3.70053E-01  2.49361E+00  5.83221E-01  1.18070E+01
  3.46001E+02  2.89017E+04  3.98428E-01  2.34495E+00  5.52717E-01  1.15822E+01
  3.47001E+02  2.88184E+04  4.33206E-01  2.18565E+00  5.24809E-01  1.13688E+01
  3.48001E+02  2.87355E+04  4.76913E-01  2.01392E+00  4.99198E-01  1.11659E+01
  3.49001E+02  2.86532E+04  5.33554E-01  1.82780E+00  4.75628E-01  1.09726E+01
  3.50001E+02  2.85713E+04  6.09651E-01  1.62587E+00  4.53878E-01  1.07882E+01
  3.51001E+02  2.84899E+04  7.15570E-01  1.40934E+00  4.33756E-01  1.06120E+01
  3.52001E+02  2.84090E+04  8.64868E-01  1.18761E+00  4.15098E-01  1.04435E+01
  3.53001E+02  2.83285E+04  1.06434E+00  9.83937E-01  3.97758E-01  1.02820E+01
  3.54001E+02  2.82485E+04  1.29847E+00  8.23220E-01  3.81609E-01  1.01271E+01
  3.55001E+02  2.81689E+04  1.54034E+00  7.09124E-01  3.66540E-01  9.97838E+00
  3.56001E+02  2.80898E+04  1.77404E+00  6.29899E-01  3.52452E-01  9.83539E+00
  3.57001E+02  2.80111E+04  1.99520E+00  5.73666E-01  3.39258E-01  9.69779E+00
  3.58001E+02  2.79329E+04  2.20428E+00  5.32505E-01  3.26880E-01  9.56524E+00
  3.59001E+02  2.78551E+04  2.40300E+00  5.01569E-01  3.15249E-01  9.43744E+00
  3.60001E+02  2.77777E+04  2.59317E+00  4.77871E-01  3.04303E-01  9.31410E+00
  3.61001E+02  2.77008E+04  2.77642E+00  4.59510E-01  2.93987E-01  9.19497E+00
  3.62001E+02  2.76242E+04  2.95411E+00  4.45237E-01  2.84252E-01  9.07981E+00
  3.63001E+02  2.75481E+04  3.12739E+00  4.34201E-01  2.75052E-01  8.96839E+00
  3.64001E+02  2.74725E+04  3.29725E+00  4.25811E-01  2.66347E-01  8.86053E+00
  3.65001E+02  2.73972E+04  3.46452E+00  4.19644E-01  2.58100E-01  8.75602E+00
  3.66001E+02  2.73223E+04  3.62995E+00  4.15398E-01  2.50279E-01  8.65470E+00
  3.67001E+02  2.72479E+04  3.79418E+00  4.12853E-01  2.42853E-01  8.55641E+00
  3.68001E+02  2.71738E+04  3.95782E+00  4.11852E-01  2.35794E-01  8.46098E+00
  3.69001E+02  2.71002E+04  4.12143E+00  4.12285E-01  2.29078E-01  8.36830E+00
  3.70001E+02  2.70270E+04  4.28553E+00  4.14080E-01  2.22681E-01  8.27821E+00
  3.71001E+02  2.69541E+04  4.45065E+00  4.17194E-01  2.16583E-01  8.19061E+00
  3.72001E+02  2.68816E+04  4.61727E+00  4.21612E-01  2.10764E-01  8.10538E+00
  3.73001E+02  2.68096E+04  4.78590E+00  4.27342E-01  2.05208E-01  8.02240E+00
  3.74001E+02  2.67379E+04  4.95707E+00  4.34415E-01  1.99896E-01  7.94159E+00
  3.75001E+02  2.66666E+04  5.13128E+00  4.42881E-01  1.94816E-01  7.86284E+00
  3.76001E+02  2.65957E+04  5.30910E+00  4.52816E-01  1.89952E-01  7.78607E+00
  3.77001E+02  2.65251E+04  5.49111E+00  4.64318E-01  1.85292E-01  7.71119E+00
  3.78001E+02  2.64550E+04  5.67793E+00  4.77511E-01  1.80824E-01  7.63813E+00
  3.79001E+02  2.63852E+04  5.87026E+00  4.92549E-01  1.76537E-01  7.56681E+00
  3.80001E+02  2.63157E+04  6.06882E+00  5.09621E-01  1.72421E-01  7.49716E+00
  3.81001E+02  2.62467E+04  6.27444E+00  5.28955E-01  1.68467E-01  7.42912E+00
  3.82001E+02  2.61779E+04  6.48804E+00  5.50828E-01  1.64665E-01  7.36263E+00
  3.83001E+02  2.61096E+04  6.71063E+00  5.75577E-01  1.61008E-01  7.29761E+00
  3.84001E+02  2.60416E+04  6.94339E+00  6.03611E-01  1.57489E-01  7.23403E+00
  3.85001E+02  2.59740E+04  7.18762E+00  6.35428E-01  1.54099E-01  7.17182E+00
  3.86001E+02  2.59067E+04  7.44486E+00  6.71641E-01  1.50832E-01  7.11094E+00
  3.87001E+02  2.58397E+04  7.71687E+00  7.13009E-01  1.47682E-01  7.05134E+00
  3.88001E+02  2.57731E+04  8.00570E+00  7.60480E-01  1.44644E-01  6.99296E+00
  3.89001E+02  2.57069E+04  8.31377E+00  8.15246E-01  1.41711E-01  6.93578E+00
  3.90001E+02  2.56410E+04  8.64398E+00  8.78831E-01  1.38879E-01  6.87975E+00
  3.91001E+02  2.55754E+04  8.99976E+00  9.53197E-01  1.36142E-01  6.82483E+00
  3.92001E+02  2.55101E+04  9.38529E+00  1.04092E+00  1.33497E-01  6.77098E+00
  3.93001E+02  2.54452E+04  9.80566E+00  1.14542E+00  1.30940E-01  6.71816E+00
  3.94001E+02  2.53806E+04  1.02671E+01  1.27133E+00  1.28465E-01  6.66635E+00
  3.95001E+02  2.53164E+04  1.07775E+01  1.42506E+00  1.26070E-01  6.61551E+00
  3.96001E+02  2.52525E+04  1.13467E+01  1.61567E+00  1.23750E-01  6.56561E+00
  3.97001E+02  2.51889E+04  1.19868E+01  1.85633E+00  1.21503E-01  6.51662E+00
  3.98001E+02  2.51256E+04  1.27136E+01  2.16668E+00  1.19326E-01  6.46852E+00
  3.99001E+02  2.50626E+04  1.35463E+01  2.57709E+00  1.17214E-01  6.42127E+00
  4.00001E+02  2.49999E+04  1.45076E+01  3.13612E+00  1.15167E-01  6.37484E+00
  4.01001E+02  2.49376E+04  1.56202E+01  3.92429E+00  1.13180E-01  6.32923E+00
  4.02001E+02  2.48756E+04  1.68915E+01  5.07891E+00  1.11252E-01  6.28439E+00
  4.03001E+02  2.48138E+04  1.82636E+01  6.83317E+00  1.09379E-01  6.24031E+00
  4.04001E+02  2.47524E+04  1.94611E+01  9.53661E+00  1.07561E-01  6.19697E+00
  4.05001E+02  2.46913E+04  1.96716E+01  1.34300E+01  1.05794E-01  6.15434E+00
  4.06001E+02  2.46305E+04  1.76337E+01  1.76889E+01  1.04076E-01  6.11241E+00
  4.07001E+02  2.45700E+04  1.35752E+01  2.01752E+01  1.02406E-01  6.07115E+00
  4.08001E+02  2.45097E+04  9.61652E+00  2.03080E+01  1.00782E-01  6.03055E+00
  4.09001E+02  2.44498E+04  6.80939E+00  1.92919E+01  9.92020E-02  5.99060E+00
  4.10001E+02  2.43902E+04  4.98685E+00  1.80266E+01  9.76642E-02  5.95126E+00
  4.11001E+02  2.43308E+04  3.79472E+00  1.68365E+01  9.61673E-02  5.91253E+00
  4.12001E+02  2.42718E+04  2.98720E+00  1.57968E+01  9.47096E-02  5.87438E+00
  4.13001E+02  2.42130E+04  2.41872E+00  1.49053E+01  9.32898E-02  5.83682E+00
  4.14001E+02  2.41545E+04  2.00417E+00  1.41410E+01  9.19064E-02  5.79981E+00
  4.15001E+02  2.40963E+04  1.69253E+00  1.34817E+01  9.05582E-02  5.76335E+00
  4.16001E+02  2.40384E+04  1.45211E+00  1.29082E+01  8.92439E-02  5.72741E+00
  4.17001E+02  2.39808E+04  1.26247E+00  1.24048E+01  8.79623E-02  5.69200E+00
  4.18001E+02  2.39234E+04  1.11005E+00  1.19594E+01  8.67123E-02  5.65709E+00
  4.19001E+02  2.38663E+04  9.85529E-01  1.15622E+01  8.54928E-02  5.62268E+00
  4.20001E+02  2.38095E+04  8.82357E-01  1.12054E+01  8.43028E-02  5.58874E+00
  4.21001E+02  2.37529E+04  7.95811E-01  1.08829E+01  8.31413E-02  5.55528E+00
  4.22001E+02  2.36966E+04  7.22421E-01  1.05897E+01  8.20073E-02  5.52227E+00
  4.23001E+02  2.36406E+04  6.59584E-01  1.03218E+01  8.08999E-02  5.48971E+00
  4.24001E+02  2.35849E+04  6.05319E-01  1.00756E+01  7.98182E-02  5.45759E+00
  4.25001E+02  2.35294E+04  5.58095E-01  9.84858E+00  7.87615E-02  5.42590E+00
  4.26001E+02  2.34741E+04  5.16711E-01  9.63832E+00  7.77288E-02  5.39462E+00
  4.27001E+02  2.34191E+04  4.80217E-01  9.44288E+00  7.67195E-02  5.36375E+00
  4.28001E+02  2.33644E+04  4.47850E-01  9.26060E+00  7.57328E-02  5.33328E+00
  4.29001E+02  2.33100E+04  4.18993E-01  9.09008E+00  7.47680E-02  5.30320E+00
  4.30001E+02  2.32558E+04  3.93141E-01  8.93009E+00  7.38244E-02  5.27350E+00
  4.31001E+02  2.32018E+04  3.69879E-01  8.77960E+00  7.29014E-02  5.24417E+00
  4.32001E+02  2.31481E+04  3.48861E-01  8.63768E+00  7.19983E-02  5.21521E+00
  4.33001E+02  2.30946E+04  3.29800E-01  8.50355E+00  7.11145E-02  5.18660E+00
  4.34001E+02  2.30414E+04  3.12452E-01  8.37650E+00  7.02495E-02  5.15834E+00
  4.35001E+02  2.29885E+04  2.96612E-01  8.25592E+00  6.94027E-02  5.13043E+00
  4.36001E+02  2.29357E+04  2.82103E-01  8.14127E+00  6.85736E-02  5.10285E+00
  4.37001E+02  2.28832E+04  2.68777E-01  8.03207E+00  6.77616E-02  5.07560E+00
  4.38001E+02  2.28310E+04  2.56504E-01  7.92788E+00  6.69663E-02  5.04867E+00
  4.39001E+02  2.27790E+04  2.45172E-01  7.82832E+00  6.61872E-02  5.02205E+00
  4.40001E+02  2.27272E+04  2.34684E-01  7.73305E+00  6.54238E-02  4.99574E+00
  4.41001E+02  2.26757E+04  2.24955E-01  7.64175E+00  6.46756E-02  4.96973E+00
  4.42001E+02  2.26244E+04  2.15911E-01  7.55414E+00  6.39423E-02  4.94402E+00
  4.43001E+02  2.25733E+04  2.07488E-01  7.46998E+00  6.32235E-02  4.91860E+00
  4.44001E+02  2.25225E+04  1.99627E-01  7.38902E+00  6.25187E-02  4.89347E+00
  4.45001E+02  2.24719E+04  1.92277E-01  7.31106E+00  6.18275E-02  4.86861E+00
  4.46001E+02  2.24215E+04  1.85395E-01  7.23592E+00  6.11497E-02  4.84402E+00
  4.47001E+02  2.23713E+04  1.78939E-01  7.16341E+00  6.04848E-02  4.81971E+00
  4.48001E+02  2.23214E+04  1.72873E-01  7.09337E+00  5.98324E-02  4.79566E+00
  4.49001E+02  2.22717E+04  1.67166E-01  7.02566E+00  5.91923E-02  4.77186E+00
  4.50001E+02  2.22222E+04  1.61789E-01  6.96014E+00  5.85642E-02  4.74832E+00
  4.51001E+02  2.21729E+04  1.56715E-01  6.89670E+00  5.79476E-02  4.72503E+00
  4.52001E+02  2.21238E+04  1.51921E-01  6.83520E+00  5.73424E-02  4.70198E+00
  4.53001E+02  2.20750E+04  1.47387E-01  6.77556E+00  5.67483E-02  4.67917E+00
  4.54001E+02  2.20264E+04  1.43092E-01  6.71766E+00  5.61648E-02  4.65660E+00
  4.55001E+02  2.19780E+04  1.39020E-01  6.66143E+00  5.55919E-02  4.63425E+00
  4.56001E+02  2.19298E+04  1.35155E-01  6.60677E+00  5.50291E-02  4.61214E+00
  4.57001E+02  2.18818E+04  1.31483E-01  6.55360E+00  5.44764E-02  4.59025E+00
  4.58001E+02  2.18340E+04  1.27989E-01  6.50185E+00  5.39333E-02  4.56857E+00
  4.59001E+02  2.17864E+04  1.24663E-01  6.45146E+00  5.33997E-02  4.54711E+00
  4.60001E+02  2.17391E+04  1.21493E-01  6.40236E+00  5.28754E-02  4.52587E+00
  4.61001E+02  2.16919E+04  1.18469E-01  6.35450E+00  5.23601E-02  4.50483E+00
  4.62001E+02  2.16450E+04  1.15581E-01  6.30780E+00  5.18535E-02  4.48399E+00
  4.63001E+02  2.15982E+04  1.12822E-01  6.26223E+00  5.13556E-02  4.46336E+00
  4.64001E+02  2.15517E+04  1.10184E-01  6.21773E+00  5.08661E-02  4.44292E+00
  4.65001E+02  2.15053E+04  1.07658E-01  6.17425E+00  5.03847E-02  4.42268E+00
  4.66001E+02  2.14592E+04  1.05239E-01  6.13176E+00  4.99114E-02  4.40263E+00
  4.67001E+02  2.14132E+04  1.02920E-01  6.09022E+00  4.94459E-02  4.38276E+00
  4.68001E+02  2.13675E+04  1.00695E-01  6.04957E+00  4.89880E-02  4.36308E+00
  4.69001E+02  2.13219E+04  9.85595E-02  6.00980E+00  4.85376E-02  4.34358E+00
  4.70001E+02  2.12766E+04  9.65079E-02  5.97086E+00  4.80944E-02  4.32426E+00
  4.71001E+02  2.12314E+04  9.45359E-02  5.93271E+00  4.76584E-02  4.30512E+00
  4.72001E+02  2.11864E+04  9.26390E-02  5.89534E+00  4.72294E-02  4.28615E+00
  4.73001E+02  2.11416E+04  9.08132E-02  5.85871E+00  4.68072E-02  4.26734E+00
  4.74001E+02  2.10970E+04  8.90549E-02  5.82280E+00  4.63916E-02  4.24871E+00
  4.75001E+02  2.10526E+04  8.73606E-02  5.78757E+00  4.59825E-02  4.23024E+00
  4.76001E+02  2.10084E+04  8.57269E-02  5.75300E+00  4.55799E-02  4.21193E+00
  4.77001E+02  2.09643E+04  8.41508E-02  5.71907E+00  4.51834E-02  4.19379E+00
  4.78001E+02  2.09205E+04  8.26296E-02  5.68576E+00  4.47930E-02  4.17580E+00
  4.79001E+02  2.08768E+04  8.11604E-02  5.65305E+00  4.44087E-02  4.15796E+00
  4.80001E+02  2.08333E+04  7.97408E-02  5.62091E+00  4.40301E-02  4.14028E+00
  4.81001E+02  2.07900E+04  7.83684E-02  5.58933E+00  4.36573E-02  4.12275E+00
  4.82001E+02  2.07468E+04  7.70410E-02  5.55829E+00  4.32900E-02  4.10536E+00
  4.83001E+02  2.07039E+04  7.57566E-02  5.52776E+00  4.29283E-02  4.08812E+00
  4.84001E+02  2.06611E+04  7.45131E-02  5.49774E+00  4.25719E-02  4.07103E+00
  4.85001E+02  2.06185E+04  7.33087E-02  5.46821E+00  4.22207E-02  4.05407E+00
  4.86001E+02  2.05761E+04  7.21416E-02  5.43915E+00  4.18747E-02  4.03726E+00
  4.87001E+02  2.05338E+04  7.10103E-02  5.41055E+00  4.15338E-02  4.02058E+00
  4.88001E+02  2.04918E+04  6.99132E-02  5.38240E+00  4.11978E-02  4.00404E+00
  4.89001E+02  2.04499E+04  6.88487E-02  5.35467E+00  4.08666E-02  3.98763E+00
  4.90001E+02  2.04081E+04  6.78156E-02  5.32737E+00  4.05401E-02  3.97135E+00
  4.91001E+02  2.03666E+04  6.68124E-02  5.30047E+00  4.02184E-02  3.95520E+00
  4.92001E+02  2.03252E+04  6.58380E-02  5.27396E+00  3.99011E-02  3.93918E+00
  4.93001E+02  2.02839E+04  6.48912E-02  5.24784E+00  3.95884E-02  3.92329E+00
  4.94001E+02  2.02429E+04  6.39708E-02  5.22209E+00  3.92800E-02  3.90752E+00
  4.95001E+02  2.02020E+04  6.30758E-02  5.19670E+00  3.89759E-02  3.89187E+00
  4.96001E+02  2.01612E+04  6.22052E-02  5.17167E+00  3.86760E-02  3.87635E+00
  4.97001E+02  2.01207E+04  6.13581E-02  5.14697E+00  3.83802E-02  3.86094E+00
  4.98001E+02  2.00803E+04  6.05335E-02  5.12261E+00  3.80885E-02  3.84565E+00
  4.99001E+02  2.00400E+04  5.97306E-02  5.09858E+00  3.78007E-02  3.83047E+00
  5.00001E+02  2.00000E+04  5.89485E-02  5.07486E+00  3.75169E-02  3.81541E+00
  5.01001E+02  1.99600E+04  5.81865E-02  5.05145E+00  3.72369E-02  3.80047E+00
  5.02001E+02  1.99203E+04  5.74438E-02  5.02834E+00  3.69606E-02  3.78563E+00
  5.03001E+02  1.98807E+04  5.67198E-02  5.00552E+00  3.66880E-02  3.77090E+00
  5.04001E+02  1.98412E+04  5.60137E-02  4.98299E+00  3.64190E-02  3.75629E+00
  5.05001E+02  1.98019E+04  5.53249E-02  4.96074E+00  3.61536E-02  3.74177E+00
  5.06001E+02  1.97628E+04  5.46527E-02  4.93876E+00  3.58916E-02  3.72737E+00
  5.07001E+02  1.97238E+04  5.39967E-02  4.91704E+00  3.56331E-02  3.71307E+00
  5.08001E+02  1.96850E+04  5.33563E-02  4.89559E+00  3.53779E-02  3.69887E+00
  5.09001E+02  1.96463E+04  5.27308E-02  4.87438E+00  3.51260E-02  3.68477E+00
  5.10001E+02  1.96078E+04  5.21199E-02  4.85342E+00  3.48774E-02  3.67077E+00
  5.11001E+02  1.95694E+04  5.15229E-02  4.83271E+00  3.46319E-02  3.65687E+00
  5.12001E+02  1.95312E+04  5.09396E-02  4.81223E+00  3.43896E-02  3.64307E+00
  5.13001E+02  1.94931E+04  5.03693E-02  4.79198E+00  3.41503E-02  3.62936E+00
  5.14001E+02  1.94552E+04  4.98116E-02  4.77195E+00  3.39141E-02  3.61575E+00
  5.15001E+02  1.94174E+04  4.92663E-02  4.75214E+00  3.36808E-02  3.60224E+00
  5.16001E+02  1.93798E+04  4.87327E-02  4.73255E+00  3.34504E-02  3.58881E+00
  5.17001E+02  1.93423E+04  4.82107E-02  4.71318E+00  3.32229E-02  3.57548E+00
  5.18001E+02  1.93050E+04  4.76998E-02  4.69400E+00  3.29981E-02  3.56224E+00
  5.19001E+02  1.92678E+04  4.71997E-02  4.67503E+00  3.27762E-02  3.54909E+00
  5.20001E+02  1.92307E+04  4.67100E-02  4.65626E+00  3.25569E-02  3.53602E+00
  5.21001E+02  1.91938E+04  4.62305E-02  4.63768E+00  3.23404E-02  3.52305E+00
  5.22001E+02  1.91571E+04  4.57607E-02  4.61929E+00  3.21264E-02  3.51016E+00
  5.23001E+02  1.91204E+04  4.53005E-02  4.60109E+00  3.19151E-02  3.49735E+00
  5.24001E+02  1.90839E+04  4.48496E-02  4.58306E+00  3.17062E-02  3.48463E+00
  5.25001E+02  1.90476E+04  4.44076E-02  4.56522E+00  3.14999E-02  3.47199E+00
  5.26001E+02  1.90114E+04  4.39743E-02  4.54755E+00  3.12960E-02  3.45943E+00
  5.27001E+02  1.89753E+04  4.35494E-02  4.53005E+00  3.10945E-02  3.44695E+00
  5.28001E+02  1.89394E+04  4.31328E-02  4.51272E+00  3.08954E-02  3.43456E+00
  5.29001E+02  1.89036E+04  4.27241E-02  4.49556E+00  3.06987E-02  3.42224E+00
  5.30001E+02  1.88679E+04  4.23232E-02  4.47856E+00  3.05042E-02  3.41000E+00
  5.31001E+02  1.88324E+04  4.19299E-02  4.46171E+00  3.03120E-02  3.39784E+00
  5.32001E+02  1.87970E+04  4.15438E-02  4.44502E+00  3.01220E-02  3.38576E+00
  5.33001E+02  1.87617E+04  4.11649E-02  4.42849E+00  2.99343E-02  3.37375E+00
  5.34001E+02  1.87266E+04  4.07929E-02  4.41210E+00  2.97486E-02  3.36181E+00
  5.35001E+02  1.86916E+04  4.04276E-02  4.39586E+00  2.95651E-02  3.34995E+00
  5.36001E+02  1.86567E+04  4.00689E-02  4.37977E+00  2.93837E-02  3.33816E+00
  5.37001E+02  1.86219E+04  3.97166E-02  4.36382E+00  2.92043E-02  3.32645E+00
  5.38001E+02  1.85873E+04  3.93705E-02  4.34801E+00  2.90270E-02  3.31480E+00
  5.39001E+02  1.85528E+04  3.90305E-02  4.33233E+00  2.88516E-02  3.30323E+00
  5.40001E+02  1.85185E+04  3.86964E-02  4.31679E+00  2.86782E-02  3.29173E+00
  5.41001E+02  1.84843E+04  3.83680E-02  4.30138E+00  2.85067E-02  3.28029E+00
  5.42001E+02  1.84502E+04  3.80452E-02  4.28611E+00  2.83372E-02  3.26892E+00
  5.43001E+02  1.84162E+04  3.77278E-02  4.27096E+00  2.81695E-02  3.25762E+00
  5.44001E+02  1.83823E+04  3.74158E-02  4.25593E+00  2.80036E-02  3.24639E+00
  5.45001E+02  1.83486E+04  3.71090E-02  4.24103E+00  2.78396E-02  3.23522E+00
  5.46001E+02  1.83150E+04  3.68072E-02  4.22625E+00  2.76773E-02  3.22412E+00
  5.47001E+02  1.82815E+04  3.65104E-02  4.21159E+00  2.75168E-02  3.21308E+00
  5.48001E+02  1.82481E+04  3.62184E-02  4.19705E+00  2.73581E-02  3.20211E+00
  5.49001E+02  1.82149E+04  3.59311E-02  4.18263E+00  2.72010E-02  3.19120E+00
  5.50001E+02  1.81818E+04  3.56483E-02  4.16831E+00  2.70457E-02  3.18035E+00
  5.51001E+02  1.81488E+04  3.53701E-02  4.15411E+00  2.68920E-02  3.16957E+00
  5.52001E+02  1.81159E+04  3.50962E-02  4.14002E+00  2.67399E-02  3.15884E+00
  5.53001E+02  1.80831E+04  3.48266E-02  4.12604E+00  2.65895E-02  3.14818E+00
  5.54001E+02  1.80505E+04  3.45612E-02  4.11217E+00  2.64406E-02  3.13757E+00
  5.55001E+02  1.80180E+04  3.42998E-02  4.09840E+00  2.62933E-02  3.12703E+00
  5.56001E+02  1.79856E+04  3.40424E-02  4.08474E+00  2.61475E-02  3.11654E+00
  5.57001E+02  1.79533E+04  3.37889E-02  4.07117E+00  2.60033E-02  3.10611E+00
  5.58001E+02  1.79211E+04  3.35392E-02  4.05771E+00  2.58606E-02  3.09574E+00
  5.59001E+02  1.78891E+04  3.32932E-02  4.04435E+00  2.57193E-02  3.08542E+00
  5.60001E+02  1.78571E+04  3.30509E-02  4.03108E+00  2.55795E-02  3.07517E+00
  5.61001E+02  1.78253E+04  3.28121E-02  4.01791E+00  2.54411E-02  3.06496E+00
  5.62001E+02  1.77936E+04  3.25768E-02  4.00484E+00  2.53042E-02  3.05482E+00
  5.63001E+02  1.77620E+04  3.23449E-02  3.99186E+00  2.51686E-02  3.04472E+00
  5.64001E+02  1.77305E+04  3.21163E-02  3.97897E+00  2.50345E-02  3.03468E+00
  5.65001E+02  1.76991E+04  3.18909E-02  3.96617E+00  2.49017E-02  3.02470E+00
  5.66001E+02  1.76678E+04  3.16688E-02  3.95346E+00  2.47702E-02  3.01476E+00
  5.67001E+02  1.76367E+04  3.14498E-02  3.94084E+00  2.46400E-02  3.00488E+00
  5.68001E+02  1.76056E+04  3.12338E-02  3.92830E+00  2.45112E-02  2.99505E+00
  5.69001E+02  1.75747E+04  3.10208E-02  3.91586E+00  2.43836E-02  2.98528E+00
  5.70001E+02  1.75438E+04  3.08108E-02  3.90349E+00  2.42573E-02  2.97555E+00
  5.71001E+02  1.75131E+04  3.06036E-02  3.89121E+00  2.41323E-02  2.96587E+00
  5.72001E+02  1.74825E+04  3.03992E-02  3.87901E+00  2.40084E-02  2.95624E+00
  5.73001E+02  1.74520E+04  3.01976E-02  3.86690E+00  2.38859E-02  2.94667E+00
  5.74001E+02  1.74216E+04  2.99986E-02  3.85486E+00  2.37645E-02  2.93714E+00
  5.75001E+02  1.73913E+04  2.98023E-02  3.84290E+00  2.36443E-02  2.92766E+00
  5.76001E+02  1.73611E+04  2.96086E-02  3.83102E+00  2.35252E-02  2.91822E+00
  5.77001E+02  1.73310E+04  2.94175E-02  3.81922E+00  2.34073E-02  2.90884E+00
  5.78001E+02  1.73010E+04  2.92288E-02  3.80749E+00  2.32906E-02  2.89950E+00
  5.79001E+02  1.72711E+04  2.90426E-02  3.79584E+00  2.31750E-02  2.89021E+00
  5.80001E+02  1.72413E+04  2.88587E-02  3.78426E+00  2.30605E-02  2.88096E+00
  5.81001E+02  1.72117E+04  2.86772E-02  3.77276E+00  2.29471E-02  2.87176E+00
  5.82001E+02  1.71821E+04  2.84981E-02  3.76132E+00  2.28348E-02  2.86261E+00
  5.83001E+02  1.71526E+04  2.83211E-02  3.74996E+00  2.27235E-02  2.85350E+00
  5.84001E+02  1.71233E+04  2.81464E-02  3.73867E+00  2.26133E-02  2.84443E+00
  5.85001E+02  1.70940E+04  2.79739E-02  3.72745E+00  2.25041E-02  2.83541E+00
  5.86001E+02  1.70648E+04  2.78034E-02  3.71629E+00  2.23960E-02  2.82643E+00
  5.87001E+02  1.70357E+04  2.76351E-02  3.70521E+00  2.22889E-02  2.81749E+00
  5.88001E+02  1.70068E+04  2.74689E-02  3.69419E+00  2.21828E-02  2.80860E+00
  5.89001E+02  1.69779E+04  2.73046E-02  3.68323E+00  2.20777E-02  2.79975E+00
  5.90001E+02  1.69491E+04  2.71424E-02  3.67235E+00  2.19735E-02  2.79094E+00
  5.91001E+02  1.69204E+04  2.69821E-02  3.66152E+00  2.18703E-02  2.78217E+00
  5.92001E+02  1.68919E+04  2.68236E-02  3.65076E+00  2.17681E-02  2.77344E+00
  5.93001E+02  1.68634E+04  2.66671E-02  3.64007E+00  2.16668E-02  2.76476E+00
  5.94001E+02  1.68350E+04  2.65124E-02  3.62943E+00  2.15665E-02  2.75611E+00
  5.95001E+02  1.68067E+04  2.63596E-02  3.61886E+00  2.14670E-02  2.74750E+00
  5.96001E+02  1.67785E+04  2.62085E-02  3.60835E+00  2.13685E-02  2.73894E+00
  5.97001E+02  1.67504E+04  2.60591E-02  3.59790E+00  2.12709E-02  2.73041E+00
  5.98001E+02  1.67224E+04  2.59115E-02  3.58750E+00  2.11741E-02  2.72192E+00
  5.99001E+02  1.66945E+04  2.57655E-02  3.57717E+00  2.10783E-02  2.71347E+00
  6.00001E+02  1.66666E+04  2.56213E-02  3.56689E+00  2.09833E-02  2.70506E+00
  6.01001E+02  1.66389E+04  2.54786E-02  3.55668E+00  2.08891E-02  2.69669E+00
  6.02001E+02  1.66113E+04  2.53376E-02  3.54651E+00  2.07958E-02  2.68835E+00
  6.03001E+02  1.65837E+04  2.51981E-02  3.53641E+00  2.07034E-02  2.68005E+00
  6.04001E+02  1.65563E+04  2.50602E-02  3.52636E+00  2.06117E-02  2.67179E+00
  6.05001E+02  1.65289E+04  2.49238E-02  3.51636E+00  2.05209E-02  2.66356E+00
  6.06001E+02  1.65016E+04  2.47889E-02  3.50642E+00  2.04309E-02  2.65537E+00
  6.07001E+02  1.64744E+04  2.46555E-02  3.49653E+00  2.03417E-02  2.64722E+00
  6.08001E+02  1.64473E+04  2.45235E-02  3.48670E+00  2.02532E-02  2.63910E+00
  6.09001E+02  1.64203E+04  2.43929E-02  3.47692E+00  2.01656E-02  2.63102E+00
  6.10001E+02  1.63934E+04  2.42638E-02  3.46719E+00  2.00787E-02  2.62297E+00
  6.11001E+02  1.63666E+04  2.41360E-02  3.45751E+00  1.99925E-02  2.61496E+00
  6.12001E+02  1.63398E+04  2.40096E-02  3.44788E+00  1.99072E-02  2.60698E+00
  6.13001E+02  1.63132E+04  2.38846E-02  3.43830E+00  1.98225E-02  2.59903E+00
  6.14001E+02  1.62866E+04  2.37608E-02  3.42877E+00  1.97386E-02  2.59112E+00
  6.15001E+02  1.62601E+04  2.36384E-02  3.41930E+00  1.96555E-02  2.58324E+00
  6.16001E+02  1.62337E+04  2.35172E-02  3.40987E+00  1.95730E-02  2.57540E+00
  6.17001E+02  1.62074E+04  2.33973E-02  3.40048E+00  1.94913E-02  2.56759E+00
  6.18001E+02  1.61812E+04  2.32786E-02  3.39115E+00  1.94102E-02  2.55981E+00
  6.19001E+02  1.61551E+04  2.31612E-02  3.38186E+00  1.93299E-02  2.55206E+00
  6.20001E+02  1.61290E+04  2.30449E-02  3.37262E+00  1.92502E-02  2.54434E+00
  6.21001E+02  1.61030E+04  2.29298E-02  3.36343E+00  1.91712E-02  2.53666E+00
  6.22001E+02  1.60771E+04  2.28159E-02  3.35428E+00  1.90929E-02  2.52901E+00
  6.23001E+02  1.60513E+04  2.27031E-02  3.34518E+00  1.90153E-02  2.52139E+00
  6.24001E+02  1.60256E+04  2.25915E-02  3.33612E+00  1.89383E-02  2.51380E+00
  6.25001E+02  1.60000E+04  2.24810E-02  3.32711E+00  1.88620E-02  2.50624E+00
  6.26001E+02  1.59744E+04  2.23715E-02  3.31814E+00  1.87863E-02  2.49871E+00
  6.27001E+02  1.59489E+04  2.22632E-02  3.30921E+00  1.87112E-02  2.49121E+00
  6.28001E+02  1.59235E+04  2.21559E-02  3.30033E+00  1.86368E-02  2.48374E+00
  6.29001E+02  1.58982E+04  2.20496E-02  3.29149E+00  1.85630E-02  2.47630E+00
  6.30001E+02  1.58730E+04  2.19444E-02  3.28269E+00  1.84898E-02  2.46889E+00
  6.31001E+02  1.58478E+04  2.18402E-02  3.27393E+00  1.84172E-02  2.46151E+00
  6.32001E+02  1.58228E+04  2.17371E-02  3.26522E+00  1.83453E-02  2.45416E+00
  6.33001E+02  1.57978E+04  2.16349E-02  3.25655E+00  1.82739E-02  2.44683E+00
  6.34001E+02  1.57728E+04  2.15336E-02  3.24791E+00  1.82031E-02  2.43954E+00
  6.35001E+02  1.57480E+04  2.14334E-02  3.23932E+00  1.81329E-02  2.43227E+00
  6.36001E+02  1.57232E+04  2.13341E-02  3.23077E+00  1.80633E-02  2.42503E+00
  6.37001E+02  1.56986E+04  2.12357E-02  3.22225E+00  1.79942E-02  2.41782E+00
  6.38001E+02  1.56740E+04  2.11382E-02  3.21378E+00  1.79258E-02  2.41064E+00
  6.39001E+02  1.56494E+04  2.10417E-02  3.20534E+00  1.78578E-02  2.40348E+00
  6.40001E+02  1.56250E+04  2.09460E-02  3.19695E+00  1.77905E-02  2.39635E+00
  6.41001E+02  1.56006E+04  2.08513E-02  3.18859E+00  1.77237E-02  2.38925E+00
  6.42001E+02  1.55763E+04  2.07574E-02  3.18027E+00  1.76574E-02  2.38218E+00
  6.43001E+02  1.55521E+04  2.06644E-02  3.17198E+00  1.75917E-02  2.37513E+00
  6.44001E+02  1.55279E+04  2.05722E-02  3.16374E+00  1.75265E-02  2.36810E+00
  6.45001E+02  1.55039E+04  2.04808E-02  3.15553E+00  1.74618E-02  2.36111E+00
  6.46001E+02  1.54799E+04  2.03903E-02  3.14735E+00  1.73976E-02  2.35413E+00
  6.47001E+02  1.54559E+04  2.03006E-02  3.13922E+00  1.73340E-02  2.34719E+00
  6.48001E+02  1.54321E+04  2.02117E-02  3.13112E+00  1.72709E-02  2.34027E+00
  6.49001E+02  1.54083E+04  2.01236E-02  3.12305E+00  1.72083E-02  2.33337E+00
  6.50001E+02  1.53846E+04  2.00363E-02  3.11502E+00  1.71462E-02  2.32650E+00
  6.51001E+02  1.53610E+04  1.99497E-02  3.10702E+00  1.70845E-02  2.31966E+00
  6.52001E+02  1.53374E+04  1.98639E-02  3.09906E+00  1.70234E-02  2.31283E+00
  6.53001E+02  1.53139E+04  1.97789E-02  3.09113E+00  1.69628E-02  2.30604E+00
  6.54001E+02  1.52905E+04  1.96946E-02  3.08324E+00  1.69026E-02  2.29927E+00
  6.55001E+02  1.52672E+04  1.96111E-02  3.07538E+00  1.68430E-02  2.29252E+00
  6.56001E+02  1.52439E+04  1.95283E-02  3.06755E+00  1.67838E-02  2.28579E+00
  6.57001E+02  1.52207E+04  1.94461E-02  3.05976E+00  1.67251E-02  2.27909E+00
  6.58001E+02  1.51975E+04  1.93647E-02  3.05199E+00  1.66668E-02  2.27241E+00
  6.59001E+02  1.51745E+04  1.92840E-02  3.04426E+00  1.66090E-02  2.26576E+00
  6.60001E+02  1.51515E+04  1.92040E-02  3.03657E+00  1.65516E-02  2.25913E+00
  6.61001E+02  1.51286E+04  1.91247E-02  3.02890E+00  1.64948E-02  2.25252E+00
  6.62001E+02  1.51057E+04  1.90460E-02  3.02127E+00  1.64383E-02  2.24593E+00
  6.63001E+02  1.50829E+04  1.89680E-02  3.01367E+00  1.63823E-02  2.23937E+00
  6.64001E+02  1.50602E+04  1.88907E-02  3.00610E+00  1.63267E-02  2.23283E+00
  6.65001E+02  1.50376E+04  1.88140E-02  2.99855E+00  1.62716E-02  2.22631E+00
  6.66001E+02  1.50150E+04  1.87379E-02  2.99105E+00  1.62169E-02  2.21981E+00
  6.67001E+02  1.49925E+04  1.86625E-02  2.98357E+00  1.61626E-02  2.21333E+00
  6.68001E+02  1.49700E+04  1.85877E-02  2.97612E+00  1.61088E-02  2.20688E+00
  6.69001E+02  1.49477E+04  1.85136E-02  2.96870E+00  1.60554E-02  2.20045E+00
  6.70001E+02  1.49254E+04  1.84400E-02  2.96131E+00  1.60024E-02  2.19404E+00
  6.71001E+02  1.49031E+04  1.83670E-02  2.95395E+00  1.59498E-02  2.18765E+00
  6.72001E+02  1.48809E+04  1.82947E-02  2.94661E+00  1.58976E-02  2.18128E+00
  6.73001E+02  1.48588E+04  1.82229E-02  2.93931E+00  1.58458E-02  2.17493E+00
  6.74001E+02  1.48368E+04  1.81517E-02  2.93204E+00  1.57944E-02  2.16860E+00
  6.75001E+02  1.48148E+04  1.80810E-02  2.92479E+00  1.57434E-02  2.16229E+00
  6.76001E+02  1.47929E+04  1.80110E-02  2.91757E+00  1.56928E-02  2.15601E+00
  6.77001E+02  1.47710E+04  1.79415E-02  2.91038E+00  1.56426E-02  2.14974E+00
  6.78001E+02  1.47492E+04  1.78726E-02  2.90322E+00  1.55928E-02  2.14349E+00
  6.79001E+02  1.47275E+04  1.78042E-02  2.89608E+00  1.55434E-02  2.13727E+00
  6.80001E+02  1.47059E+04  1.77363E-02  2.88898E+00  1.54943E-02  2.13106E+00
  6.81001E+02  1.46843E+04  1.76690E-02  2.88190E+00  1.54457E-02  2.12487E+00
  6.82001E+02  1.46627E+04  1.76022E-02  2.87484E+00  1.53974E-02  2.11870E+00
  6.83001E+02  1.46413E+04  1.75360E-02  2.86782E+00  1.53495E-02  2.11255E+00
  6.84001E+02  1.46199E+04  1.74702E-02  2.86081E+00  1.53019E-02  2.10642E+00
  6.85001E+02  1.45985E+04  1.74050E-02  2.85384E+00  1.52547E-02  2.10031E+00
  6.86001E+02  1.45772E+04  1.73403E-02  2.84689E+00  1.52079E-02  2.09422E+00
  6.87001E+02  1.45560E+04  1.72761E-02  2.83997E+00  1.51614E-02  2.08815E+00
  6.88001E+02  1.45349E+04  1.72124E-02  2.83307E+00  1.51153E-02  2.08209E+00
  6.89001E+02  1.45138E+04  1.71492E-02  2.82620E+00  1.50695E-02  2.07606E+00
  6.90001E+02  1.44927E+04  1.70864E-02  2.81935E+00  1.50241E-02  2.07004E+00
  6.91001E+02  1.44718E+04  1.70242E-02  2.81253E+00  1.49790E-02  2.06404E+00
  6.92001E+02  1.44508E+04  1.69624E-02  2.80573E+00  1.49343E-02  2.05805E+00
  6.93001E+02  1.44300E+04  1.69010E-02  2.79896E+00  1.48899E-02  2.05209E+00
  6.94001E+02  1.44092E+04  1.68402E-02  2.79221E+00  1.48459E-02  2.04614E+00
  6.95001E+02  1.43885E+04  1.67798E-02  2.78549E+00  1.48022E-02  2.04021E+00
  6.96001E+02  1.43678E+04  1.67199E-02  2.77879E+00  1.47588E-02  2.03430E+00
  6.97001E+02  1.43472E+04  1.66604E-02  2.77212E+00  1.47158E-02  2.02841E+00
  6.98001E+02  1.43266E+04  1.66013E-02  2.76546E+00  1.46730E-02  2.02253E+00
  6.99001E+02  1.43061E+04  1.65427E-02  2.75883E+00  1.46307E-02  2.01667E+00
  7.00001E+02  1.42857E+04  1.64846E-02  2.75223E+00  1.45886E-02  2.01083E+00
  7.01001E+02  1.42653E+04  1.64268E-02  2.74565E+00  1.45468E-02  2.00500E+00
  7.02001E+02  1.42450E+04  1.63695E-02  2.73909E+00  1.45054E-02  1.99919E+00
  7.03001E+02  1.42247E+04  1.63126E-02  2.73255E+00  1.44643E-02  1.99339E+00
  7.04001E+02  1.42045E+04  1.62562E-02  2.72604E+00  1.44235E-02  1.98762E+00
  7.05001E+02  1.41844E+04  1.62001E-02  2.71955E+00  1.43830E-02  1.98186E+00
  7.06001E+02  1.41643E+04  1.61445E-02  2.71308E+00  1.43428E-02  1.97611E+00
  7.07001E+02  1.41443E+04  1.60892E-02  2.70663E+00  1.43029E-02  1.97038E+00
  7.08001E+02  1.41243E+04  1.60344E-02  2.70021E+00  1.42634E-02  1.96467E+00
  7.09001E+02  1.41044E+04  1.59800E-02  2.69381E+00  1.42241E-02  1.95897E+00
  7.10001E+02  1.40845E+04  1.59259E-02  2.68743E+00  1.41851E-02  1.95329E+00
  7.11001E+02  1.40647E+04  1.58723E-02  2.68107E+00  1.41464E-02  1.94762E+00
  7.12001E+02  1.40449E+04  1.58190E-02  2.67473E+00  1.41081E-02  1.94197E+00
  7.13001E+02  1.40252E+04  1.57661E-02  2.66841E+00  1.40700E-02  1.93634E+00
  7.14001E+02  1.40056E+04  1.57136E-02  2.66212E+00  1.40322E-02  1.93072E+00
  7.15001E+02  1.39860E+04  1.56615E-02  2.65584E+00  1.39946E-02  1.92511E+00
  7.16001E+02  1.39665E+04  1.56097E-02  2.64959E+00  1.39574E-02  1.91952E+00
  7.17001E+02  1.39470E+04  1.55583E-02  2.64335E+00  1.39205E-02  1.91395E+00
  7.18001E+02  1.39276E+04  1.55073E-02  2.63714E+00  1.38838E-02  1.90839E+00
  7.19001E+02  1.39082E+04  1.54566E-02  2.63095E+00  1.38474E-02  1.90284E+00
  7.20001E+02  1.38889E+04  1.54063E-02  2.62478E+00  1.38113E-02  1.89731E+00
  7.21001E+02  1.38696E+04  1.53563E-02  2.61862E+00  1.37755E-02  1.89179E+00
  7.22001E+02  1.38504E+04  1.53067E-02  2.61249E+00  1.37400E-02  1.88629E+00
  7.23001E+02  1.38312E+04  1.52574E-02  2.60638E+00  1.37047E-02  1.88080E+00
  7.24001E+02  1.38121E+04  1.52085E-02  2.60029E+00  1.36697E-02  1.87533E+00
  7.25001E+02  1.37931E+04  1.51599E-02  2.59421E+00  1.36349E-02  1.86987E+00
  7.26001E+02  1.37741E+04  1.51116E-02  2.58816E+00  1.36005E-02  1.86442E+00
  7.27001E+02  1.37551E+04  1.50637E-02  2.58212E+00  1.35663E-02  1.85899E+00
  7.28001E+02  1.37362E+04  1.50161E-02  2.57611E+00  1.35323E-02  1.85357E+00
  7.29001E+02  1.37174E+04  1.49689E-02  2.57011E+00  1.34986E-02  1.84816E+00
  7.30001E+02  1.36986E+04  1.49219E-02  2.56413E+00  1.34652E-02  1.84277E+00
  7.31001E+02  1.36799E+04  1.48753E-02  2.55818E+00  1.34320E-02  1.83739E+00
  7.32001E+02  1.36612E+04  1.48290E-02  2.55223E+00  1.33991E-02  1.83202E+00
  7.33001E+02  1.36425E+04  1.47830E-02  2.54631E+00  1.33665E-02  1.82667E+00
  7.34001E+02  1.36240E+04  1.47374E-02  2.54041E+00  1.33341E-02  1.82133E+00
  7.35001E+02  1.36054E+04  1.46920E-02  2.53452E+00  1.33019E-02  1.81600E+00
  7.36001E+02  1.35869E+04  1.46470E-02  2.52866E+00  1.32700E-02  1.81069E+00
  7.37001E+02  1.35685E+04  1.46022E-02  2.52281E+00  1.32384E-02  1.80539E+00
  7.38001E+02  1.35501E+04  1.45578E-02  2.51697E+00  1.32070E-02  1.80010E+00
  7.39001E+02  1.35318E+04  1.45136E-02  2.51116E+00  1.31758E-02  1.79482E+00
  7.40001E+02  1.35135E+04  1.44698E-02  2.50536E+00  1.31449E-02  1.78956E+00
  7.41001E+02  1.34953E+04  1.44262E-02  2.49959E+00  1.31142E-02  1.78431E+00
  7.42001E+02  1.34771E+04  1.43829E-02  2.49382E+00  1.30838E-02  1.77907E+00
  7.43001E+02  1.34589E+04  1.43399E-02  2.48808E+00  1.30536E-02  1.77384E+00
  7.44001E+02  1.34408E+04  1.42972E-02  2.48235E+00  1.30236E-02  1.76862E+00
  7.45001E+02  1.34228E+04  1.42548E-02  2.47664E+00  1.29939E-02  1.76342E+00
  7.46001E+02  1.34048E+04  1.42127E-02  2.47095E+00  1.29644E-02  1.75823E+00
  7.47001E+02  1.33869E+04  1.41708E-02  2.46527E+00  1.29352E-02  1.75305E+00
  7.48001E+02  1.33690E+04  1.41293E-02  2.45961E+00  1.29062E-02  1.74788E+00
  7.49001E+02  1.33511E+04  1.40880E-02  2.45397E+00  1.28774E-02  1.74273E+00
  7.50001E+02  1.33333E+04  1.40469E-02  2.44834E+00  1.28488E-02  1.73758E+00
  7.51001E+02  1.33156E+04  1.40062E-02  2.44273E+00  1.28205E-02  1.73245E+00
  7.52001E+02  1.32979E+04  1.39657E-02  2.43714E+00  1.27924E-02  1.72732E+00
  7.53001E+02  1.32802E+04  1.39254E-02  2.43156E+00  1.27645E-02  1.72221E+00
  7.54001E+02  1.32626E+04  1.38854E-02  2.42600E+00  1.27369E-02  1.71711E+00
  7.55001E+02  1.32450E+04  1.38457E-02  2.42045E+00  1.27095E-02  1.71202E+00
  7.56001E+02  1.32275E+04  1.38063E-02  2.41492E+00  1.26823E-02  1.70695E+00
  7.57001E+02  1.32100E+04  1.37671E-02  2.40941E+00  1.26553E-02  1.70188E+00
  7.58001E+02  1.31926E+04  1.37281E-02  2.40391E+00  1.26285E-02  1.69682E+00
  7.59001E+02  1.31752E+04  1.36894E-02  2.39843E+00  1.26020E-02  1.69178E+00
  7.60001E+02  1.31579E+04  1.36510E-02  2.39296E+00  1.25757E-02  1.68674E+00
  7.61001E+02  1.31406E+04  1.36128E-02  2.38750E+00  1.25496E-02  1.68172E+00
  7.62001E+02  1.31233E+04  1.35748E-02  2.38207E+00  1.25237E-02  1.67670E+00
  7.63001E+02  1.31061E+04  1.35371E-02  2.37665E+00  1.24980E-02  1.67170E+00
  7.64001E+02  1.30890E+04  1.34996E-02  2.37124E+00  1.24726E-02  1.66670E+00
  7.65001E+02  1.30719E+04  1.34624E-02  2.36585E+00  1.24473E-02  1.66172E+00
  7.66001E+02  1.30548E+04  1.34254E-02  2.36047E+00  1.24223E-02  1.65675E+00
  7.67001E+02  1.30378E+04  1.33886E-02  2.35511E+00  1.23975E-02  1.65178E+00
  7.68001E+02  1.30208E+04  1.33521E-02  2.34976E+00  1.23728E-02  1.64683E+00
  7.69001E+02  1.30039E+04  1.33158E-02  2.34442E+00  1.23484E-02  1.64188E+00
  7.70001E+02  1.29870E+04  1.32797E-02  2.33911E+00  1.23242E-02  1.63695E+00
  7.71001E+02  1.29702E+04  1.32439E-02  2.33380E+00  1.23003E-02  1.63203E+00
  7.72001E+02  1.29534E+04  1.32083E-02  2.32851E+00  1.22765E-02  1.62711E+00
  7.73001E+02  1.29366E+04  1.31729E-02  2.32323E+00  1.22529E-02  1.62220E+00
  7.74001E+02  1.29199E+04  1.31377E-02  2.31797E+00  1.22295E-02  1.61731E+00
  7.75001E+02  1.29032E+04  1.31028E-02  2.31273E+00  1.22064E-02  1.61242E+00
  7.76001E+02  1.28866E+04  1.30681E-02  2.30749E+00  1.21834E-02  1.60754E+00
  7.77001E+02  1.28700E+04  1.30335E-02  2.30227E+00  1.21606E-02  1.60267E+00
  7.78001E+02  1.28535E+04  1.29993E-02  2.29706E+00  1.21381E-02  1.59781E+00
  7.79001E+02  1.28370E+04  1.29652E-02  2.29187E+00  1.21157E-02  1.59296E+00
  7.80001E+02  1.28205E+04  1.29313E-02  2.28669E+00  1.20935E-02  1.58812E+00
  7.81001E+02  1.28041E+04  1.28976E-02  2.28153E+00  1.20716E-02  1.58329E+00
  7.82001E+02  1.27877E+04  1.28642E-02  2.27638E+00  1.20498E-02  1.57847E+00
  7.83001E+02  1.27714E+04  1.28310E-02  2.27124E+00  1.20282E-02  1.57365E+00
  7.84001E+02  1.27551E+04  1.27979E-02  2.26611E+00  1.20069E-02  1.56884E+00
  7.85001E+02  1.27388E+04  1.27651E-02  2.26100E+00  1.19857E-02  1.56405E+00
  7.86001E+02  1.27226E+04  1.27325E-02  2.25590E+00  1.19647E-02  1.55926E+00
  7.87001E+02  1.27065E+04  1.27000E-02  2.25081E+00  1.19439E-02  1.55447E+00
  7.88001E+02  1.26903E+04  1.26678E-02  2.24574E+00  1.19233E-02  1.54970E+00
  7.89001E+02  1.26743E+04  1.26358E-02  2.24068E+00  1.19029E-02  1.54494E+00
  7.90001E+02  1.26582E+04  1.26039E-02  2.23563E+00  1.18827E-02  1.54018E+00
  7.91001E+02  1.26422E+04  1.25723E-02  2.23060E+00  1.18627E-02  1.53543E+00
  7.92001E+02  1.26262E+04  1.25409E-02  2.22557E+00  1.18429E-02  1.53069E+00
  7.93001E+02  1.26103E+04  1.25096E-02  2.22056E+00  1.18232E-02  1.52596E+00
  7.94001E+02  1.25944E+04  1.24786E-02  2.21557E+00  1.18038E-02  1.52123E+00
  7.95001E+02  1.25786E+04  1.24477E-02  2.21058E+00  1.17846E-02  1.51651E+00
  7.96001E+02  1.25628E+04  1.24170E-02  2.20561E+00  1.17655E-02  1.51180E+00
  7.97001E+02  1.25470E+04  1.23865E-02  2.20065E+00  1.17466E-02  1.50710E+00
  7.98001E+02  1.25313E+04  1.23562E-02  2.19570E+00  1.17279E-02  1.50241E+00
  7.99001E+02  1.25156E+04  1.23261E-02  2.19076E+00  1.17094E-02  1.49772E+00
  8.00001E+02  1.25000E+04  1.22962E-02  2.18584E+00  1.16911E-02  1.49304E+00
  8.01001E+02  1.24844E+04  1.22664E-02  2.18093E+00  1.16730E-02  1.48837E+00
  8.02001E+02  1.24688E+04  1.22368E-02  2.17603E+00  1.16551E-02  1.48370E+00
  8.03001E+02  1.24533E+04  1.22074E-02  2.17114E+00  1.16373E-02  1.47904E+00
  8.04001E+02  1.24378E+04  1.21782E-02  2.16626E+00  1.16198E-02  1.47439E+00
  8.05001E+02  1.24223E+04  1.21492E-02  2.16139E+00  1.16024E-02  1.46975E+00
  8.06001E+02  1.24069E+04  1.21203E-02  2.15654E+00  1.15852E-02  1.46511E+00
  8.07001E+02  1.23916E+04  1.20916E-02  2.15170E+00  1.15682E-02  1.46048E+00
  8.08001E+02  1.23762E+04  1.20631E-02  2.14687E+00  1.15514E-02  1.45585E+00
  8.09001E+02  1.23609E+04  1.20347E-02  2.14205E+00  1.15347E-02  1.45124E+00
  8.10001E+02  1.23457E+04  1.20066E-02  2.13724E+00  1.15183E-02  1.44663E+00
  8.11001E+02  1.23304E+04  1.19785E-02  2.13244E+00  1.15020E-02  1.44202E+00
  8.12001E+02  1.23153E+04  1.19507E-02  2.12766E+00  1.14859E-02  1.43743E+00
  8.13001E+02  1.23001E+04  1.19230E-02  2.12288E+00  1.14700E-02  1.43283E+00
  8.14001E+02  1.22850E+04  1.18955E-02  2.11812E+00  1.14543E-02  1.42825E+00
  8.15001E+02  1.22699E+04  1.18682E-02  2.11337E+00  1.14388E-02  1.42367E+00
  8.16001E+02  1.22549E+04  1.18410E-02  2.10863E+00  1.14234E-02  1.41910E+00
  8.17001E+02  1.22399E+04  1.18140E-02  2.10389E+00  1.14083E-02  1.41453E+00
  8.18001E+02  1.22249E+04  1.17872E-02  2.09917E+00  1.13933E-02  1.40997E+00
  8.19001E+02  1.22100E+04  1.17605E-02  2.09446E+00  1.13785E-02  1.40542E+00
  8.20001E+02  1.21951E+04  1.17339E-02  2.08977E+00  1.13638E-02  1.40087E+00
  8.21001E+02  1.21803E+04  1.17076E-02  2.08508E+00  1.13494E-02  1.39633E+00
  8.22001E+02  1.21654E+04  1.16814E-02  2.08040E+00  1.13351E-02  1.39179E+00
  8.23001E+02  1.21507E+04  1.16553E-02  2.07573E+00  1.13211E-02  1.38726E+00
  8.24001E+02  1.21359E+04  1.16294E-02  2.07108E+00  1.13072E-02  1.38273E+00
  8.25001E+02  1.21212E+04  1.16037E-02  2.06643E+00  1.12934E-02  1.37821E+00
  8.26001E+02  1.21065E+04  1.15781E-02  2.06179E+00  1.12799E-02  1.37370E+00
  8.27001E+02  1.20919E+04  1.15526E-02  2.05717E+00  1.12666E-02  1.36919E+00
  8.28001E+02  1.20773E+04  1.15273E-02  2.05255E+00  1.12534E-02  1.36469E+00
  8.29001E+02  1.20627E+04  1.15022E-02  2.04795E+00  1.12404E-02  1.36019E+00
  8.30001E+02  1.20482E+04  1.14772E-02  2.04335E+00  1.12276E-02  1.35570E+00
  8.31001E+02  1.20337E+04  1.14524E-02  2.03876E+00  1.12150E-02  1.35121E+00
  8.32001E+02  1.20192E+04  1.14277E-02  2.03419E+00  1.12025E-02  1.34672E+00
  8.33001E+02  1.20048E+04  1.14031E-02  2.02962E+00  1.11903E-02  1.34225E+00
  8.34001E+02  1.19904E+04  1.13788E-02  2.02507E+00  1.11782E-02  1.33777E+00
  8.35001E+02  1.19760E+04  1.13545E-02  2.02052E+00  1.11663E-02  1.33330E+00
  8.36001E+02  1.19617E+04  1.13304E-02  2.01598E+00  1.11546E-02  1.32884E+00
  8.37001E+02  1.19474E+04  1.13064E-02  2.01146E+00  1.11431E-02  1.32438E+00
  8.38001E+02  1.19332E+04  1.12826E-02  2.00694E+00  1.11317E-02  1.31992E+00
  8.39001E+02  1.19189E+04  1.12589E-02  2.00243E+00  1.11205E-02  1.31547E+00
  8.40001E+02  1.19047E+04  1.12354E-02  1.99793E+00  1.11096E-02  1.31103E+00
  8.41001E+02  1.18906E+04  1.12120E-02  1.99344E+00  1.10988E-02  1.30659E+00
  8.42001E+02  1.18765E+04  1.11888E-02  1.98896E+00  1.10882E-02  1.30215E+00
  8.43001E+02  1.18624E+04  1.11656E-02  1.98449E+00  1.10777E-02  1.29772E+00
  8.44001E+02  1.18483E+04  1.11427E-02  1.98003E+00  1.10675E-02  1.29329E+00
  8.45001E+02  1.18343E+04  1.11198E-02  1.97558E+00  1.10574E-02  1.28886E+00
  8.46001E+02  1.18203E+04  1.10971E-02  1.97113E+00  1.10476E-02  1.28444E+00
  8.47001E+02  1.18064E+04  1.10745E-02  1.96670E+00  1.10379E-02  1.28003E+00
  8.48001E+02  1.17924E+04  1.10521E-02  1.96227E+00  1.10284E-02  1.27561E+00
  8.49001E+02  1.17785E+04  1.10298E-02  1.95786E+00  1.10191E-02  1.27120E+00
  8.50001E+02  1.17647E+04  1.10076E-02  1.95345E+00  1.10099E-02  1.26680E+00
  8.51001E+02  1.17509E+04  1.09856E-02  1.94905E+00  1.10010E-02  1.26240E+00
  8.52001E+02  1.17371E+04  1.09637E-02  1.94466E+00  1.09923E-02  1.25800E+00
  8.53001E+02  1.17233E+04  1.09419E-02  1.94028E+00  1.09837E-02  1.25360E+00
  8.54001E+02  1.17096E+04  1.09203E-02  1.93591E+00  1.09753E-02  1.24921E+00
  8.55001E+02  1.16959E+04  1.08988E-02  1.93155E+00  1.09671E-02  1.24482E+00
  8.56001E+02  1.16822E+04  1.08774E-02  1.92719E+00  1.09592E-02  1.24044E+00
  8.57001E+02  1.16686E+04  1.08561E-02  1.92284E+00  1.09514E-02  1.23605E+00
  8.58001E+02  1.16550E+04  1.08350E-02  1.91851E+00  1.09437E-02  1.23168E+00
  8.59001E+02  1.16414E+04  1.08140E-02  1.91418E+00  1.09363E-02  1.22730E+00
  8.60001E+02  1.16279E+04  1.07931E-02  1.90985E+00  1.09291E-02  1.22293E+00
  8.61001E+02  1.16144E+04  1.07724E-02  1.90554E+00  1.09221E-02  1.21856E+00
  8.62001E+02  1.16009E+04  1.07517E-02  1.90124E+00  1.09153E-02  1.21419E+00
  8.63001E+02  1.15875E+04  1.07312E-02  1.89694E+00  1.09086E-02  1.20983E+00
  8.64001E+02  1.15741E+04  1.07108E-02  1.89265E+00  1.09022E-02  1.20546E+00
  8.65001E+02  1.15607E+04  1.06906E-02  1.88837E+00  1.08959E-02  1.20110E+00
  8.66001E+02  1.15473E+04  1.06705E-02  1.88410E+00  1.08899E-02  1.19675E+00
  8.67001E+02  1.15340E+04  1.06504E-02  1.87984E+00  1.08841E-02  1.19239E+00
  8.68001E+02  1.15207E+04  1.06306E-02  1.87558E+00  1.08784E-02  1.18804E+00
  8.69001E+02  1.15075E+04  1.06108E-02  1.87133E+00  1.08730E-02  1.18369E+00
  8.70001E+02  1.14942E+04  1.05911E-02  1.86709E+00  1.08677E-02  1.17934E+00
  8.71001E+02  1.14810E+04  1.05716E-02  1.86286E+00  1.08627E-02  1.17500E+00
  8.72001E+02  1.14679E+04  1.05522E-02  1.85863E+00  1.08579E-02  1.17065E+00
  8.73001E+02  1.14547E+04  1.05329E-02  1.85442E+00  1.08532E-02  1.16631E+00
  8.74001E+02  1.14416E+04  1.05137E-02  1.85021E+00  1.08488E-02  1.16197E+00
  8.75001E+02  1.14286E+04  1.04946E-02  1.84601E+00  1.08446E-02  1.15763E+00
  8.76001E+02  1.14155E+04  1.04757E-02  1.84181E+00  1.08406E-02  1.15329E+00
  8.77001E+02  1.14025E+04  1.04569E-02  1.83763E+00  1.08368E-02  1.14896E+00
  8.78001E+02  1.13895E+04  1.04382E-02  1.83345E+00  1.08333E-02  1.14463E+00
  8.79001E+02  1.13766E+04  1.04196E-02  1.82928E+00  1.08299E-02  1.14029E+00
  8.80001E+02  1.13636E+04  1.04011E-02  1.82511E+00  1.08267E-02  1.13596E+00
  8.81001E+02  1.13507E+04  1.03827E-02  1.82095E+00  1.08238E-02  1.13163E+00
  8.82001E+02  1.13379E+04  1.03644E-02  1.81681E+00  1.08211E-02  1.12730E+00
  8.83001E+02  1.13250E+04  1.03463E-02  1.81266E+00  1.08186E-02  1.12298E+00
  8.84001E+02  1.13122E+04  1.03282E-02  1.80853E+00  1.08163E-02  1.11865E+00
  8.85001E+02  1.12994E+04  1.03103E-02  1.80440E+00  1.08143E-02  1.11432E+00
  8.86001E+02  1.12867E+04  1.02925E-02  1.80028E+00  1.08125E-02  1.11000E+00
  8.87001E+02  1.12739E+04  1.02748E-02  1.79617E+00  1.08109E-02  1.10567E+00
  8.88001E+02  1.12612E+04  1.02572E-02  1.79206E+00  1.08095E-02  1.10135E+00
  8.89001E+02  1.12486E+04  1.02397E-02  1.78796E+00  1.08083E-02  1.09703E+00
  8.90001E+02  1.12359E+04  1.02223E-02  1.78387E+00  1.08074E-02  1.09270E+00
  8.91001E+02  1.12233E+04  1.02051E-02  1.77978E+00  1.08067E-02  1.08838E+00
  8.92001E+02  1.12107E+04  1.01879E-02  1.77571E+00  1.08063E-02  1.08406E+00
  8.93001E+02  1.11982E+04  1.01709E-02  1.77163E+00  1.08061E-02  1.07974E+00
  8.94001E+02  1.11857E+04  1.01539E-02  1.76757E+00  1.08061E-02  1.07541E+00
  8.95001E+02  1.11732E+04  1.01371E-02  1.76351E+00  1.08064E-02  1.07109E+00
  8.96001E+02  1.11607E+04  1.01203E-02  1.75946E+00  1.08069E-02  1.06677E+00
  8.97001E+02  1.11483E+04  1.01037E-02  1.75541E+00  1.08077E-02  1.06245E+00
  8.98001E+02  1.11358E+04  1.00872E-02  1.75138E+00  1.08087E-02  1.05812E+00
  8.99001E+02  1.11235E+04  1.00708E-02  1.74735E+00  1.08100E-02  1.05380E+00
  9.00001E+02  1.11111E+04  1.00545E-02  1.74332E+00  1.08115E-02  1.04947E+00
  9.01001E+02  1.10988E+04  1.00383E-02  1.73930E+00  1.08132E-02  1.04515E+00
  9.02001E+02  1.10865E+04  1.00222E-02  1.73529E+00  1.08153E-02  1.04082E+00
  9.03001E+02  1.10742E+04  1.00062E-02  1.73128E+00  1.08176E-02  1.03650E+00
  9.04001E+02  1.10619E+04  9.99025E-03  1.72729E+00  1.08201E-02  1.03217E+00
  9.05001E+02  1.10497E+04  9.97446E-03  1.72329E+00  1.08229E-02  1.02784E+00
  9.06001E+02  1.10375E+04  9.95876E-03  1.71931E+00  1.08260E-02  1.02351E+00
  9.07001E+02  1.10253E+04  9.94317E-03  1.71533E+00  1.08294E-02  1.01918E+00
  9.08001E+02  1.10132E+04  9.92768E-03  1.71135E+00  1.08330E-02  1.01485E+00
  9.09001E+02  1.10011E+04  9.91229E-03  1.70738E+00  1.08370E-02  1.01052E+00
  9.10001E+02  1.09890E+04  9.89700E-03  1.70342E+00  1.08412E-02  1.00618E+00
  9.11001E+02  1.09769E+04  9.88180E-03  1.69947E+00  1.08456E-02  1.00184E+00
  9.12001E+02  1.09649E+04  9.86671E-03  1.69552E+00  1.08504E-02  9.97505E-01
  9.13001E+02  1.09529E+04  9.85172E-03  1.69157E+00  1.08555E-02  9.93164E-01
  9.14001E+02  1.09409E+04  9.83683E-03  1.68764E+00  1.08608E-02  9.88821E-01
  9.15001E+02  1.09289E+04  9.82203E-03  1.68370E+00  1.08665E-02  9.84476E-01
  9.16001E+02  1.09170E+04  9.80734E-03  1.67978E+00  1.08724E-02  9.80128E-01
  9.17001E+02  1.09051E+04  9.79274E-03  1.67586E+00  1.08787E-02  9.75778E-01
  9.18001E+02  1.08932E+04  9.77824E-03  1.67194E+00  1.08853E-02  9.71426E-01
  9.19001E+02  1.08814E+04  9.76384E-03  1.66804E+00  1.08922E-02  9.67071E-01
  9.20001E+02  1.08696E+04  9.74953E-03  1.66413E+00  1.08994E-02  9.62712E-01
  9.21001E+02  1.08578E+04  9.73532E-03  1.66024E+00  1.09069E-02  9.58351E-01
  9.22001E+02  1.08460E+04  9.72121E-03  1.65634E+00  1.09148E-02  9.53987E-01
  9.23001E+02  1.08342E+04  9.70719E-03  1.65246E+00  1.09230E-02  9.49620E-01
  9.24001E+02  1.08225E+04  9.69327E-03  1.64858E+00  1.09315E-02  9.45250E-01
  9.25001E+02  1.08108E+04  9.67945E-03  1.64470E+00  1.09404E-02  9.40875E-01
  9.26001E+02  1.07991E+04  9.66572E-03  1.64084E+00  1.09496E-02  9.36498E-01
  9.27001E+02  1.07875E+04  9.65208E-03  1.63697E+00  1.09592E-02  9.32116E-01
  9.28001E+02  1.07759E+04  9.63854E-03  1.63311E+00  1.09691E-02  9.27731E-01
  9.29001E+02  1.07643E+04  9.62509E-03  1.62926E+00  1.09794E-02  9.23342E-01
  9.30001E+02  1.07527E+04  9.61174E-03  1.62541E+00  1.09901E-02  9.18948E-01
  9.31001E+02  1.07411E+04  9.59848E-03  1.62157E+00  1.10011E-02  9.14550E-01
  9.32001E+02  1.07296E+04  9.58532E-03  1.61774E+00  1.10125E-02  9.10148E-01
  9.33001E+02  1.07181E+04  9.57224E-03  1.61390E+00  1.10243E-02  9.05741E-01
  9.34001E+02  1.07066E+04  9.55927E-03  1.61008E+00  1.10365E-02  9.01329E-01
  9.35001E+02  1.06952E+04  9.54638E-03  1.60626E+00  1.10491E-02  8.96912E-01
  9.36001E+02  1.06837E+04  9.53359E-03  1.60244E+00  1.10621E-02  8.92490E-01
  9.37001E+02  1.06723E+04  9.52088E-03  1.59863E+00  1.10756E-02  8.88063E-01
  9.38001E+02  1.06610E+04  9.50828E-03  1.59482E+00  1.10894E-02  8.83630E-01
  9.39001E+02  1.06496E+04  9.49576E-03  1.59102E+00  1.11036E-02  8.79192E-01
  9.40001E+02  1.06383E+04  9.48333E-03  1.58723E+00  1.11183E-02  8.74748E-01
  9.41001E+02  1.06270E+04  9.47100E-03  1.58344E+00  1.11335E-02  8.70298E-01
  9.42001E+02  1.06157E+04  9.45875E-03  1.57965E+00  1.11491E-02  8.65842E-01
  9.43001E+02  1.06044E+04  9.44660E-03  1.57587E+00  1.11651E-02  8.61380E-01
  9.44001E+02  1.05932E+04  9.43454E-03  1.57209E+00  1.11816E-02  8.56911E-01
  9.45001E+02  1.05820E+04  9.42257E-03  1.56832E+00  1.11986E-02  8.52435E-01
  9.46001E+02  1.05708E+04  9.41069E-03  1.56456E+00  1.12161E-02  8.47952E-01
  9.47001E+02  1.05597E+04  9.39890E-03  1.56079E+00  1.12340E-02  8.43463E-01
  9.48001E+02  1.05485E+04  9.38719E-03  1.55704E+00  1.12525E-02  8.38966E-01
  9.49001E+02  1.05374E+04  9.37558E-03  1.55328E+00  1.12715E-02  8.34462E-01
  9.50001E+02  1.05263E+04  9.36406E-03  1.54954E+00  1.12910E-02  8.29950E-01
  9.51001E+02  1.05152E+04  9.35263E-03  1.54579E+00  1.13110E-02  8.25430E-01
  9.52001E+02  1.05042E+04  9.34129E-03  1.54205E+00  1.13316E-02  8.20902E-01
  9.53001E+02  1.04932E+04  9.33003E-03  1.53832E+00  1.13528E-02  8.16365E-01
  9.54001E+02  1.04822E+04  9.31887E-03  1.53459E+00  1.13745E-02  8.11820E-01
  9.55001E+02  1.04712E+04  9.30779E-03  1.53087E+00  1.13968E-02  8.07267E-01
  9.56001E+02  1.04602E+04  9.29680E-03  1.52714E+00  1.14197E-02  8.02704E-01
  9.57001E+02  1.04493E+04  9.28590E-03  1.52343E+00  1.14431E-02  7.98132E-01
  9.58001E+02  1.04384E+04  9.27509E-03  1.51972E+00  1.14673E-02  7.93550E-01
  9.59001E+02  1.04275E+04  9.26437E-03  1.51601E+00  1.14920E-02  7.88959E-01
  9.60001E+02  1.04167E+04  9.25374E-03  1.51230E+00  1.15174E-02  7.84358E-01
  9.61001E+02  1.04058E+04  9.24319E-03  1.50861E+00  1.15435E-02  7.79746E-01
  9.62001E+02  1.03950E+04  9.23273E-03  1.50491E+00  1.15702E-02  7.75124E-01
  9.63001E+02  1.03842E+04  9.22236E-03  1.50122E+00  1.15976E-02  7.70491E-01
  9.64001E+02  1.03734E+04  9.21208E-03  1.49753E+00  1.16258E-02  7.65847E-01
  9.65001E+02  1.03627E+04  9.20188E-03  1.49385E+00  1.16546E-02  7.61191E-01
  9.66001E+02  1.03520E+04  9.19177E-03  1.49017E+00  1.16842E-02  7.56524E-01
  9.67001E+02  1.03413E+04  9.18175E-03  1.48650E+00  1.17146E-02  7.51845E-01
  9.68001E+02  1.03306E+04  9.17181E-03  1.48283E+00  1.17458E-02  7.47154E-01
  9.69001E+02  1.03199E+04  9.16197E-03  1.47916E+00  1.17778E-02  7.42450E-01
  9.70001E+02  1.03093E+04  9.15221E-03  1.47550E+00  1.18106E-02  7.37733E-01
  9.71001E+02  1.02987E+04  9.14253E-03  1.47184E+00  1.18442E-02  7.33003E-01
  9.72001E+02  1.02881E+04  9.13295E-03  1.46818E+00  1.18787E-02  7.28259E-01
  9.73001E+02  1.02775E+04  9.12345E-03  1.46453E+00  1.19141E-02  7.23501E-01
  9.74001E+02  1.02669E+04  9.11403E-03  1.46088E+00  1.19505E-02  7.18729E-01
  9.75001E+02  1.02564E+04  9.10471E-03  1.45724E+00  1.19877E-02  7.13942E-01
  9.76001E+02  1.02459E+04  9.09547E-03  1.45360E+00  1.20260E-02  7.09140E-01
  9.77001E+02  1.02354E+04  9.08631E-03  1.44996E+00  1.20652E-02  7.04323E-01
  9.78001E+02  1.02249E+04  9.07725E-03  1.44633E+00  1.21055E-02  6.99490E-01
  9.79001E+02  1.02145E+04  9.06827E-03  1.44270E+00  1.21468E-02  6.94640E-01
  9.80001E+02  1.02041E+04  9.05937E-03  1.43908E+00  1.21892E-02  6.89774E-01
  9.81001E+02  1.01937E+04  9.05056E-03  1.43546E+00  1.22327E-02  6.84890E-01
  9.82001E+02  1.01833E+04  9.04184E-03  1.43184E+00  1.22774E-02  6.79989E-01
  9.83001E+02  1.01729E+04  9.03321E-03  1.42822E+00  1.23233E-02  6.75070E-01
  9.84001E+02  1.01626E+04  9.02466E-03  1.42461E+00  1.23704E-02  6.70133E-01
  9.85001E+02  1.01523E+04  9.01620E-03  1.42100E+00  1.24188E-02  6.65176E-01
  9.86001E+02  1.01420E+04  9.00782E-03  1.41740E+00  1.24685E-02  6.60200E-01
  9.87001E+02  1.01317E+04  8.99953E-03  1.41380E+00  1.25195E-02  6.55203E-01
  9.88001E+02  1.01214E+04  8.99133E-03  1.41020E+00  1.25719E-02  6.50186E-01
  9.89001E+02  1.01112E+04  8.98321E-03  1.40660E+00  1.26258E-02  6.45148E-01
  9.90001E+02  1.01010E+04  8.97518E-03  1.40301E+00  1.26812E-02  6.40088E-01
  9.91001E+02  1.00908E+04  8.96723E-03  1.39942E+00  1.27381E-02  6.35005E-01
  9.92001E+02  1.00806E+04  8.95938E-03  1.39584E+00  1.27966E-02  6.29900E-01
  9.93001E+02  1.00705E+04  8.95160E-03  1.39226E+00  1.28568E-02  6.24771E-01
  9.94001E+02  1.00604E+04  8.94392E-03  1.38868E+00  1.29187E-02  6.19617E-01
  9.95001E+02  1.00502E+04  8.93632E-03  1.38510E+00  1.29824E-02  6.14438E-01
  9.96001E+02  1.00402E+04  8.92881E-03  1.38153E+00  1.30479E-02  6.09234E-01
  9.97001E+02  1.00301E+04  8.92138E-03  1.37796E+00  1.31154E-02  6.04003E-01
  9.98001E+02  1.00200E+04  8.91404E-03  1.37439E+00  1.31848E-02  5.98745E-01
  9.99001E+02  1.00100E+04  8.90679E-03  1.37083E+00  1.32564E-02  5.93458E-01
  1.00000E+03  9.99999E+03  8.89963E-03  1.36727E+00  1.33301E-02  5.88143E-01
  1.00100E+03  9.99000E+03  8.89255E-03  1.36371E+00  1.34060E-02  5.82798E-01
  1.00200E+03  9.98003E+03  8.88556E-03  1.36015E+00  1.34843E-02  5.77422E-01
  1.00300E+03  9.97008E+03  8.87865E-03  1.35660E+00  1.35650E-02  5.72014E-01
  1.00400E+03  9.96015E+03  8.87183E-03  1.35305E+00  1.36483E-02  5.66574E-01
  1.00500E+03  9.95024E+03  8.86510E-03  1.34950E+00  1.37343E-02  5.61100E-01
