# NEPTS  2002 NPROJ     3 NSPIN     1
#
@ XAXIS LABEL "E-EFERMI (HARTREE)"
@ YAXIS LABEL "DENSITY OF STATES (STATES/HARTREE/CELL)"
 -1.5653E-01  0.0000E+00  0.0000E+00  0.0000E+00
 -1.5614E-01  1.2797E-13  1.2797E-13  1.2243E-12
 -1.5576E-01  7.1536E-01  7.1536E-01  6.8441E+00
 -1.5538E-01  1.4307E+00  1.4307E+00  1.3688E+01
 -1.5499E-01  1.0451E+00  1.0451E+00  1.1108E+01
 -1.5461E-01  5.0318E-01  5.0318E-01  6.2364E+00
 -1.5422E-01  1.0344E-02  1.0344E-02  1.3225E+00
 -1.5384E-01 -3.7960E-01 -3.7960E-01 -2.8125E+00
 -1.5346E-01 -6.4154E-01 -6.4154E-01 -5.7437E+00
 -1.5307E-01 -7.7133E-01 -7.7133E-01 -7.3329E+00
 -1.5269E-01 -7.7933E-01 -7.7933E-01 -7.6405E+00
 -1.5231E-01 -6.8518E-01 -6.8518E-01 -6.8537E+00
 -1.5192E-01 -5.1361E-01 -5.1361E-01 -5.2307E+00
 -1.5154E-01 -2.9115E-01 -2.9115E-01 -3.0575E+00
 -1.5115E-01 -4.3637E-02 -4.3637E-02 -6.1601E-01
 -1.5077E-01  2.0558E-01  2.0558E-01  1.8390E+00
 -1.5039E-01  4.3688E-01  4.3688E-01  4.0946E+00
 -1.5000E-01  6.3511E-01  6.3511E-01  5.9880E+00
 -1.4962E-01  7.8991E-01  7.8991E-01  7.4108E+00
 -1.4924E-01  8.9572E-01  8.9572E-01  8.3079E+00
 -1.4885E-01  9.5158E-01  9.5158E-01  8.6741E+00
 -1.4847E-01  9.6063E-01  9.6063E-01  8.5486E+00
 -1.4808E-01  9.2955E-01  9.2955E-01  8.0075E+00
 -1.4770E-01  8.6790E-01  8.6790E-01  7.1561E+00
 -1.4732E-01  7.8739E-01  7.8739E-01  6.1198E+00
 -1.4693E-01  7.0112E-01  7.0112E-01  5.0363E+00
 -1.4655E-01  6.2286E-01  6.2286E-01  4.0472E+00
 -1.4617E-01  5.6637E-01  5.6637E-01  3.2910E+00
 -1.4578E-01  5.4475E-01  5.4475E-01  2.8961E+00
 -1.4540E-01  5.6991E-01  5.6991E-01  2.9758E+00
 -1.4501E-01  6.5207E-01  6.5207E-01  3.6233E+00
 -1.4463E-01  7.9940E-01  7.9940E-01  4.9091E+00
 -1.4425E-01  1.0177E+00  1.0177E+00  6.8784E+00
 -1.4386E-01  1.3104E+00  1.3104E+00  9.5499E+00
 -1.4348E-01  1.6780E+00  1.6780E+00  1.2916E+01
 -1.4310E-01  2.1188E+00  2.1188E+00  1.6945E+01
 -1.4271E-01  2.6283E+00  2.6283E+00  2.1580E+01
 -1.4233E-01  3.1999E+00  3.1999E+00  2.6744E+01
 -1.4194E-01  3.8246E+00  3.8246E+00  3.2342E+01
 -1.4156E-01  4.4921E+00  4.4921E+00  3.8265E+01
 -1.4118E-01  5.1902E+00  5.1902E+00  4.4393E+01
 -1.4079E-01  5.9060E+00  5.9060E+00  5.0602E+01
 -1.4041E-01  6.6257E+00  6.6257E+00  5.6764E+01
 -1.4003E-01  7.3357E+00  7.3357E+00  6.2756E+01
 -1.3964E-01  8.0221E+00  8.0221E+00  6.8459E+01
 -1.3926E-01  8.6722E+00  8.6722E+00  7.3766E+01
 -1.3887E-01  9.2739E+00  9.2739E+00  7.8584E+01
 -1.3849E-01  9.8168E+00  9.8168E+00  8.2835E+01
 -1.3811E-01  1.0314E+01  1.0314E+01  8.6461E+01
 -1.3772E-01  1.0764E+01  1.0764E+01  8.9423E+01
 -1.3734E-01  1.1135E+01  1.1135E+01  9.1708E+01
 -1.3696E-01  1.1424E+01  1.1424E+01  9.3320E+01
 -1.3657E-01  1.1111E+01  1.1111E+01  9.0706E+01
 -1.3619E-01  1.1288E+01  1.1288E+01  9.2460E+01
 -1.3581E-01  1.1817E+01  1.1817E+01  9.7306E+01
 -1.3542E-01  1.2543E+01  1.2543E+01  1.0392E+02
 -1.3504E-01  1.3349E+01  1.3349E+01  1.1127E+02
 -1.3465E-01  1.4145E+01  1.4145E+01  1.1864E+02
 -1.3427E-01  1.4870E+01  1.4870E+01  1.2548E+02
 -1.3389E-01  1.5484E+01  1.5484E+01  1.3147E+02
 -1.3350E-01  1.5965E+01  1.5965E+01  1.3644E+02
 -1.3312E-01  1.6304E+01  1.6304E+01  1.4031E+02
 -1.3274E-01  1.6506E+01  1.6506E+01  1.4312E+02
 -1.3235E-01  1.6582E+01  1.6582E+01  1.4497E+02
 -1.3197E-01  1.6551E+01  1.6551E+01  1.4601E+02
 -1.3158E-01  1.6434E+01  1.6434E+01  1.4641E+02
 -1.3120E-01  1.6256E+01  1.6256E+01  1.4634E+02
 -1.3082E-01  1.6040E+01  1.6040E+01  1.4599E+02
 -1.3043E-01  1.5808E+01  1.5808E+01  1.4550E+02
 -1.3005E-01  1.5581E+01  1.5581E+01  1.4501E+02
 -1.2967E-01  1.5374E+01  1.5374E+01  1.4463E+02
 -1.2928E-01  1.5201E+01  1.5201E+01  1.4442E+02
 -1.2890E-01  1.5068E+01  1.5068E+01  1.4441E+02
 -1.2851E-01  1.4979E+01  1.4979E+01  1.4457E+02
 -1.2813E-01  1.4933E+01  1.4933E+01  1.4487E+02
 -1.2775E-01  1.4923E+01  1.4923E+01  1.4523E+02
 -1.2736E-01  1.4939E+01  1.4939E+01  1.4554E+02
 -1.2698E-01  1.4969E+01  1.4969E+01  1.4568E+02
 -1.2660E-01  1.4997E+01  1.4997E+01  1.4550E+02
 -1.2621E-01  1.5006E+01  1.5006E+01  1.4488E+02
 -1.2583E-01  1.4980E+01  1.4980E+01  1.4370E+02
 -1.2544E-01  1.4904E+01  1.4904E+01  1.4184E+02
 -1.2506E-01  1.4764E+01  1.4764E+01  1.3923E+02
 -1.2468E-01  1.4551E+01  1.4551E+01  1.3584E+02
 -1.2429E-01  1.4263E+01  1.4263E+01  1.3169E+02
 -1.2391E-01  1.3901E+01  1.3901E+01  1.2686E+02
 -1.2353E-01  1.3474E+01  1.3474E+01  1.2148E+02
 -1.2314E-01  1.3002E+01  1.3002E+01  1.1577E+02
 -1.2276E-01  1.2509E+01  1.2509E+01  1.1000E+02
 -1.2237E-01  1.2030E+01  1.2030E+01  1.0451E+02
 -1.2199E-01  1.1607E+01  1.1607E+01  9.9679E+01
 -1.2161E-01  1.1284E+01  1.1284E+01  9.5920E+01
 -1.2122E-01  1.1113E+01  1.1113E+01  9.3654E+01
 -1.2084E-01  1.1141E+01  1.1141E+01  9.3271E+01
 -1.2046E-01  1.1410E+01  1.1410E+01  9.5085E+01
 -1.2007E-01  1.1950E+01  1.1950E+01  9.9280E+01
 -1.1969E-01  1.2767E+01  1.2767E+01  1.0584E+02
 -1.1930E-01  1.3838E+01  1.3838E+01  1.1444E+02
 -1.1892E-01  1.5093E+01  1.5093E+01  1.2440E+02
 -1.1854E-01  1.6398E+01  1.6398E+01  1.3449E+02
 -1.1815E-01  1.6576E+01  1.6576E+01  1.3536E+02
 -1.1777E-01  1.5147E+01  1.5147E+01  1.2360E+02
 -1.1739E-01  1.4209E+01  1.4209E+01  1.1585E+02
 -1.1700E-01  1.4505E+01  1.4505E+01  1.1820E+02
 -1.1662E-01  1.4734E+01  1.4734E+01  1.2000E+02
 -1.1623E-01  1.4958E+01  1.4958E+01  1.2181E+02
 -1.1585E-01  1.5436E+01  1.5436E+01  1.2596E+02
 -1.1547E-01  1.5846E+01  1.5846E+01  1.2955E+02
 -1.1508E-01  1.6188E+01  1.6188E+01  1.3261E+02
 -1.1470E-01  1.6204E+01  1.6204E+01  1.3365E+02
 -1.1432E-01  1.6073E+01  1.6073E+01  1.3379E+02
 -1.1393E-01  1.6007E+01  1.6007E+01  1.3421E+02
 -1.1355E-01  1.5961E+01  1.5961E+01  1.3460E+02
 -1.1317E-01  1.5902E+01  1.5902E+01  1.3471E+02
 -1.1278E-01  1.5804E+01  1.5804E+01  1.3439E+02
 -1.1240E-01  1.5651E+01  1.5651E+01  1.3354E+02
 -1.1201E-01  1.5433E+01  1.5433E+01  1.3208E+02
 -1.1163E-01  1.5146E+01  1.5146E+01  1.3001E+02
 -1.1125E-01  1.4789E+01  1.4789E+01  1.2733E+02
 -1.1086E-01  1.4366E+01  1.4366E+01  1.2410E+02
 -1.1048E-01  1.3883E+01  1.3883E+01  1.2036E+02
 -1.1010E-01  1.3307E+01  1.3307E+01  1.1574E+02
 -1.0971E-01  1.2605E+01  1.2605E+01  1.0985E+02
 -1.0933E-01  1.1871E+01  1.1871E+01  1.0369E+02
 -1.0894E-01  1.1116E+01  1.1116E+01  9.7369E+01
 -1.0856E-01  1.0351E+01  1.0351E+01  9.0965E+01
 -1.0818E-01  9.6406E+00  9.6406E+00  8.5368E+01
 -1.0779E-01  9.0693E+00  9.0693E+00  8.1096E+01
 -1.0741E-01  8.6184E+00  8.6184E+00  7.7929E+01
 -1.0703E-01  8.2723E+00  8.2723E+00  7.5683E+01
 -1.0664E-01  8.0180E+00  8.0180E+00  7.4208E+01
 -1.0626E-01  7.8443E+00  7.8443E+00  7.3376E+01
 -1.0587E-01  7.7418E+00  7.7418E+00  7.3085E+01
 -1.0549E-01  7.7024E+00  7.7024E+00  7.3247E+01
 -1.0511E-01  7.7190E+00  7.7190E+00  7.3794E+01
 -1.0472E-01  7.7855E+00  7.7855E+00  7.4666E+01
 -1.0434E-01  7.8963E+00  7.8963E+00  7.5814E+01
 -1.0396E-01  8.0462E+00  8.0462E+00  7.7198E+01
 -1.0357E-01  8.2308E+00  8.2308E+00  7.8784E+01
 -1.0319E-01  8.4455E+00  8.4455E+00  8.0541E+01
 -1.0280E-01  8.6861E+00  8.6861E+00  8.2445E+01
 -1.0242E-01  8.9486E+00  8.9486E+00  8.4471E+01
 -1.0204E-01  9.2290E+00  9.2290E+00  8.6598E+01
 -1.0165E-01  9.5235E+00  9.5235E+00  8.8806E+01
 -1.0127E-01  9.8282E+00  9.8282E+00  9.1077E+01
 -1.0089E-01  1.0140E+01  1.0140E+01  9.3393E+01
 -1.0050E-01  1.0454E+01  1.0454E+01  9.5736E+01
 -1.0012E-01  1.0768E+01  1.0768E+01  9.8091E+01
 -9.9735E-02  1.1077E+01  1.1077E+01  1.0044E+02
 -9.9351E-02  1.1380E+01  1.1380E+01  1.0277E+02
 -9.8967E-02  1.1673E+01  1.1673E+01  1.0506E+02
 -9.8583E-02  1.1952E+01  1.1952E+01  1.0730E+02
 -9.8200E-02  1.2216E+01  1.2216E+01  1.0948E+02
 -9.7816E-02  1.2462E+01  1.2462E+01  1.1159E+02
 -9.7432E-02  1.2688E+01  1.2688E+01  1.1361E+02
 -9.7049E-02  1.2892E+01  1.2892E+01  1.1554E+02
 -9.6665E-02  1.3073E+01  1.3073E+01  1.1736E+02
 -9.6281E-02  1.3230E+01  1.3230E+01  1.1907E+02
 -9.5897E-02  1.3362E+01  1.3362E+01  1.2067E+02
 -9.5514E-02  1.3469E+01  1.3469E+01  1.2216E+02
 -9.5130E-02  1.3550E+01  1.3550E+01  1.2352E+02
 -9.4746E-02  1.3607E+01  1.3607E+01  1.2477E+02
 -9.4362E-02  1.3639E+01  1.3639E+01  1.2590E+02
 -9.3979E-02  1.3648E+01  1.3648E+01  1.2691E+02
 -9.3595E-02  1.3635E+01  1.3635E+01  1.2782E+02
 -9.3211E-02  1.3602E+01  1.3602E+01  1.2863E+02
 -9.2828E-02  1.3551E+01  1.3551E+01  1.2934E+02
 -9.2444E-02  1.3484E+01  1.3484E+01  1.2997E+02
 -9.2060E-02  1.3404E+01  1.3404E+01  1.3052E+02
 -9.1676E-02  1.3312E+01  1.3312E+01  1.3100E+02
 -9.1293E-02  1.3212E+01  1.3212E+01  1.3143E+02
 -9.0909E-02  1.3106E+01  1.3106E+01  1.3180E+02
 -9.0525E-02  1.2997E+01  1.2997E+01  1.3215E+02
 -9.0141E-02  1.2889E+01  1.2889E+01  1.3246E+02
 -8.9758E-02  1.2783E+01  1.2783E+01  1.3276E+02
 -8.9374E-02  1.2683E+01  1.2683E+01  1.3305E+02
 -8.8990E-02  1.2591E+01  1.2591E+01  1.3334E+02
 -8.8606E-02  1.2510E+01  1.2510E+01  1.3364E+02
 -8.8223E-02  1.2441E+01  1.2441E+01  1.3395E+02
 -8.7839E-02  1.2387E+01  1.2387E+01  1.3428E+02
 -8.7455E-02  1.2365E+01  1.2365E+01  1.3489E+02
 -8.7072E-02  1.2367E+01  1.2367E+01  1.3561E+02
 -8.6688E-02  1.2386E+01  1.2386E+01  1.3636E+02
 -8.6304E-02  1.2367E+01  1.2367E+01  1.3709E+02
 -8.5920E-02  1.2499E+01  1.2499E+01  1.3909E+02
 -8.5537E-02  1.2765E+01  1.2765E+01  1.4195E+02
 -8.5153E-02  1.3103E+01  1.3103E+01  1.4512E+02
 -8.4769E-02  1.3468E+01  1.3468E+01  1.4824E+02
 -8.4385E-02  1.3829E+01  1.3829E+01  1.5105E+02
 -8.4002E-02  1.4164E+01  1.4164E+01  1.5342E+02
 -8.3618E-02  1.4463E+01  1.4463E+01  1.5530E+02
 -8.3234E-02  1.4719E+01  1.4719E+01  1.5668E+02
 -8.2851E-02  1.4933E+01  1.4933E+01  1.5761E+02
 -8.2467E-02  1.5105E+01  1.5105E+01  1.5818E+02
 -8.2083E-02  1.5241E+01  1.5241E+01  1.5847E+02
 -8.1699E-02  1.5346E+01  1.5346E+01  1.5859E+02
 -8.1316E-02  1.5426E+01  1.5426E+01  1.5865E+02
 -8.0932E-02  1.5488E+01  1.5488E+01  1.5874E+02
 -8.0548E-02  1.5536E+01  1.5536E+01  1.5898E+02
 -8.0164E-02  1.5576E+01  1.5576E+01  1.5943E+02
 -7.9781E-02  1.5612E+01  1.5612E+01  1.6018E+02
 -7.9397E-02  1.5647E+01  1.5647E+01  1.6127E+02
 -7.9013E-02  1.5683E+01  1.5683E+01  1.6275E+02
 -7.8630E-02  1.5722E+01  1.5722E+01  1.6465E+02
 -7.8246E-02  1.5764E+01  1.5764E+01  1.6696E+02
 -7.7862E-02  1.5809E+01  1.5809E+01  1.6967E+02
 -7.7478E-02  1.5858E+01  1.5858E+01  1.7273E+02
 -7.7095E-02  1.5909E+01  1.5909E+01  1.7609E+02
 -7.6711E-02  1.5962E+01  1.5962E+01  1.7965E+02
 -7.6327E-02  1.6015E+01  1.6015E+01  1.8329E+02
 -7.5943E-02  1.6154E+01  1.6154E+01  1.8828E+02
 -7.5560E-02  1.6427E+01  1.6427E+01  1.9522E+02
 -7.5176E-02  1.6696E+01  1.6696E+01  2.0159E+02
 -7.4792E-02  1.6709E+01  1.6709E+01  2.0377E+02
 -7.4409E-02  1.5818E+01  1.5818E+01  1.9201E+02
 -7.4025E-02  1.4060E+01  1.4060E+01  1.6640E+02
 -7.3641E-02  1.2284E+01  1.2284E+01  1.4039E+02
 -7.3257E-02  1.0484E+01  1.0484E+01  1.1547E+02
 -7.2874E-02  1.0081E+01  1.0081E+01  1.1007E+02
 -7.2490E-02  9.9953E+00  9.9953E+00  1.0930E+02
 -7.2106E-02  9.9492E+00  9.9492E+00  1.0936E+02
 -7.1722E-02  9.9373E+00  9.9373E+00  1.1018E+02
 -7.1339E-02  9.9512E+00  9.9512E+00  1.1163E+02
 -7.0955E-02  9.9810E+00  9.9810E+00  1.1351E+02
 -7.0571E-02  1.0017E+01  1.0017E+01  1.1565E+02
 -7.0187E-02  1.0049E+01  1.0049E+01  1.1787E+02
 -6.9804E-02  1.0070E+01  1.0070E+01  1.2000E+02
 -6.9420E-02  1.0073E+01  1.0073E+01  1.2190E+02
 -6.9036E-02  1.0053E+01  1.0053E+01  1.2347E+02
 -6.8653E-02  1.0008E+01  1.0008E+01  1.2464E+02
 -6.8269E-02  9.9377E+00  9.9377E+00  1.2535E+02
 -6.7885E-02  9.8417E+00  9.8417E+00  1.2561E+02
 -6.7501E-02  9.7229E+00  9.7229E+00  1.2541E+02
 -6.7118E-02  9.5845E+00  9.5845E+00  1.2481E+02
 -6.6734E-02  9.4311E+00  9.4311E+00  1.2387E+02
 -6.6350E-02  9.2674E+00  9.2674E+00  1.2264E+02
 -6.5966E-02  9.0987E+00  9.0987E+00  1.2121E+02
 -6.5583E-02  8.9303E+00  8.9303E+00  1.1967E+02
 -6.5199E-02  8.7674E+00  8.7674E+00  1.1810E+02
 -6.4815E-02  8.6144E+00  8.6144E+00  1.1658E+02
 -6.4432E-02  8.4755E+00  8.4755E+00  1.1519E+02
 -6.4048E-02  8.3539E+00  8.3539E+00  1.1399E+02
 -6.3664E-02  8.2520E+00  8.2520E+00  1.1303E+02
 -6.3280E-02  8.1713E+00  8.1713E+00  1.1235E+02
 -6.2897E-02  8.1124E+00  8.1124E+00  1.1199E+02
 -6.2513E-02  8.0749E+00  8.0749E+00  1.1194E+02
 -6.2129E-02  8.0577E+00  8.0577E+00  1.1221E+02
 -6.1745E-02  8.0587E+00  8.0587E+00  1.1279E+02
 -6.1362E-02  8.0753E+00  8.0753E+00  1.1364E+02
 -6.0978E-02  8.1043E+00  8.1043E+00  1.1474E+02
 -6.0594E-02  8.1423E+00  8.1423E+00  1.1602E+02
 -6.0211E-02  8.1856E+00  8.1856E+00  1.1746E+02
 -5.9827E-02  8.2304E+00  8.2304E+00  1.1898E+02
 -5.9443E-02  8.2733E+00  8.2733E+00  1.2055E+02
 -5.9059E-02  8.3111E+00  8.3111E+00  1.2210E+02
 -5.8676E-02  8.3411E+00  8.3411E+00  1.2358E+02
 -5.8292E-02  8.3613E+00  8.3613E+00  1.2496E+02
 -5.7908E-02  8.3704E+00  8.3704E+00  1.2620E+02
 -5.7524E-02  8.3680E+00  8.3680E+00  1.2727E+02
 -5.7141E-02  8.3545E+00  8.3545E+00  1.2816E+02
 -5.6757E-02  8.3312E+00  8.3312E+00  1.2885E+02
 -5.6373E-02  8.2999E+00  8.2999E+00  1.2936E+02
 -5.5990E-02  8.2634E+00  8.2634E+00  1.2968E+02
 -5.5606E-02  8.2246E+00  8.2246E+00  1.2984E+02
 -5.5222E-02  8.1867E+00  8.1867E+00  1.2985E+02
 -5.4838E-02  8.1526E+00  8.1526E+00  1.2974E+02
 -5.4455E-02  8.1242E+00  8.1242E+00  1.2950E+02
 -5.4071E-02  8.1024E+00  8.1024E+00  1.2915E+02
 -5.3687E-02  8.0858E+00  8.0858E+00  1.2866E+02
 -5.3303E-02  8.0701E+00  8.0701E+00  1.2797E+02
 -5.2920E-02  8.0474E+00  8.0474E+00  1.2701E+02
 -5.2536E-02  8.0045E+00  8.0045E+00  1.2563E+02
 -5.2152E-02  7.9222E+00  7.9222E+00  1.2362E+02
 -5.1769E-02  7.7738E+00  7.7738E+00  1.2072E+02
 -5.1385E-02  7.5230E+00  7.5230E+00  1.1654E+02
 -5.1001E-02  7.1223E+00  7.1223E+00  1.1059E+02
 -5.0617E-02  6.5365E+00  6.5365E+00  1.0218E+02
 -5.0234E-02  5.9736E+00  5.9736E+00  9.4167E+01
 -4.9850E-02  5.4403E+00  5.4403E+00  8.6645E+01
 -4.9466E-02  5.0675E+00  5.0675E+00  8.1567E+01
 -4.9082E-02  4.9346E+00  4.9346E+00  8.0114E+01
 -4.8699E-02  4.8469E+00  4.8469E+00  7.9393E+01
 -4.8315E-02  4.8082E+00  4.8082E+00  7.9455E+01
 -4.7931E-02  4.8210E+00  4.8210E+00  8.0335E+01
 -4.7547E-02  4.8866E+00  4.8866E+00  8.2049E+01
 -4.7164E-02  5.0055E+00  5.0055E+00  8.4596E+01
 -4.6780E-02  5.1765E+00  5.1765E+00  8.7953E+01
 -4.6396E-02  5.3975E+00  5.3975E+00  9.2077E+01
 -4.6013E-02  5.6649E+00  5.6649E+00  9.6909E+01
 -4.5629E-02  5.9739E+00  5.9739E+00  1.0237E+02
 -4.5245E-02  6.3187E+00  6.3187E+00  1.0835E+02
 -4.4861E-02  6.6922E+00  6.6922E+00  1.1475E+02
 -4.4478E-02  7.0865E+00  7.0865E+00  1.2143E+02
 -4.4094E-02  7.4930E+00  7.4930E+00  1.2826E+02
 -4.3710E-02  7.9024E+00  7.9024E+00  1.3508E+02
 -4.3326E-02  8.3049E+00  8.3049E+00  1.4175E+02
 -4.2943E-02  8.6907E+00  8.6907E+00  1.4812E+02
 -4.2559E-02  9.0502E+00  9.0502E+00  1.5402E+02
 -4.2175E-02  9.3739E+00  9.3739E+00  1.5932E+02
 -4.1792E-02  9.6533E+00  9.6533E+00  1.6390E+02
 -4.1408E-02  9.8807E+00  9.8807E+00  1.6762E+02
 -4.1024E-02  1.0050E+01  1.0050E+01  1.7041E+02
 -4.0640E-02  1.0155E+01  1.0155E+01  1.7218E+02
 -4.0257E-02  1.0194E+01  1.0194E+01  1.7291E+02
 -3.9873E-02  1.0165E+01  1.0165E+01  1.7257E+02
 -3.9489E-02  1.0069E+01  1.0069E+01  1.7119E+02
 -3.9105E-02  9.9090E+00  9.9090E+00  1.6882E+02
 -3.8722E-02  9.6915E+00  9.6915E+00  1.6557E+02
 -3.8338E-02  9.4238E+00  9.4238E+00  1.6155E+02
 -3.7954E-02  9.1160E+00  9.1160E+00  1.5693E+02
 -3.7571E-02  8.7802E+00  8.7802E+00  1.5190E+02
 -3.7187E-02  8.4299E+00  8.4299E+00  1.4666E+02
 -3.6803E-02  8.0797E+00  8.0797E+00  1.4142E+02
 -3.6419E-02  7.7444E+00  7.7444E+00  1.3642E+02
 -3.6036E-02  7.4381E+00  7.4381E+00  1.3186E+02
 -3.5652E-02  7.1735E+00  7.1735E+00  1.2792E+02
 -3.5268E-02  6.9598E+00  6.9598E+00  1.2471E+02
 -3.4884E-02  6.8015E+00  6.8015E+00  1.2230E+02
 -3.4501E-02  7.0440E+00  7.0440E+00  1.3167E+02
 -3.4117E-02  8.0856E+00  8.0856E+00  1.6567E+02
 -3.3733E-02  8.1084E+00  8.1084E+00  1.7571E+02
 -3.3350E-02  7.3690E+00  7.3690E+00  1.6175E+02
 -3.2966E-02  6.8220E+00  6.8220E+00  1.4773E+02
 -3.2582E-02  6.3296E+00  6.3296E+00  1.3401E+02
 -3.2198E-02  5.8877E+00  5.8877E+00  1.2798E+02
 -3.1815E-02  5.5016E+00  5.5016E+00  1.2385E+02
 -3.1431E-02  5.0288E+00  5.0288E+00  1.1468E+02
 -3.1047E-02  4.9033E+00  4.9033E+00  1.1217E+02
 -3.0663E-02  4.9745E+00  4.9745E+00  1.1561E+02
 -3.0280E-02  5.1372E+00  5.1372E+00  1.2377E+02
 -2.9896E-02  5.3755E+00  5.3755E+00  1.3603E+02
 -2.9512E-02  5.6626E+00  5.6626E+00  1.5117E+02
 -2.9129E-02  5.9682E+00  5.9682E+00  1.6776E+02
 -2.8745E-02  6.2653E+00  6.2653E+00  1.8439E+02
 -2.8361E-02  6.5359E+00  6.5359E+00  1.9991E+02
 -2.7977E-02  6.7766E+00  6.7766E+00  2.1358E+02
 -2.7594E-02  7.0040E+00  7.0040E+00  2.2518E+02
 -2.7210E-02  7.0976E+00  7.0976E+00  2.3244E+02
 -2.6826E-02  7.0454E+00  7.0454E+00  2.3507E+02
 -2.6442E-02  6.9022E+00  6.9022E+00  2.3397E+02
 -2.6059E-02  7.0871E+00  7.0871E+00  2.3729E+02
 -2.5675E-02  7.1986E+00  7.1986E+00  2.3762E+02
 -2.5291E-02  7.2274E+00  7.2274E+00  2.3507E+02
 -2.4907E-02  7.1824E+00  7.1824E+00  2.3017E+02
 -2.4524E-02  7.0744E+00  7.0744E+00  2.2344E+02
 -2.4140E-02  6.9150E+00  6.9150E+00  2.1543E+02
 -2.3756E-02  6.7163E+00  6.7163E+00  2.0667E+02
 -2.3373E-02  6.4900E+00  6.4900E+00  1.9763E+02
 -2.2989E-02  6.2470E+00  6.2470E+00  1.8871E+02
 -2.2605E-02  5.9970E+00  5.9970E+00  1.8025E+02
 -2.2221E-02  5.7484E+00  5.7484E+00  1.7249E+02
 -2.1838E-02  5.5081E+00  5.5081E+00  1.6560E+02
 -2.1454E-02  5.2811E+00  5.2811E+00  1.5967E+02
 -2.1070E-02  5.0709E+00  5.0709E+00  1.5472E+02
 -2.0686E-02  4.8795E+00  4.8795E+00  1.5072E+02
 -2.0303E-02  4.7074E+00  4.7074E+00  1.4757E+02
 -1.9919E-02  4.5543E+00  4.5543E+00  1.4517E+02
 -1.9535E-02  4.4185E+00  4.4185E+00  1.4337E+02
 -1.9152E-02  4.2979E+00  4.2979E+00  1.4203E+02
 -1.8768E-02  4.1899E+00  4.1899E+00  1.4100E+02
 -1.8384E-02  4.0919E+00  4.0919E+00  1.4015E+02
 -1.8000E-02  4.0012E+00  4.0012E+00  1.3936E+02
 -1.7617E-02  3.9153E+00  3.9153E+00  1.3854E+02
 -1.7233E-02  3.8324E+00  3.8324E+00  1.3764E+02
 -1.6849E-02  3.7511E+00  3.7511E+00  1.3663E+02
 -1.6465E-02  3.6704E+00  3.6704E+00  1.3549E+02
 -1.6082E-02  3.5904E+00  3.5904E+00  1.3426E+02
 -1.5698E-02  3.5115E+00  3.5115E+00  1.3298E+02
 -1.5314E-02  3.4347E+00  3.4347E+00  1.3170E+02
 -1.4931E-02  3.3616E+00  3.3616E+00  1.3048E+02
 -1.4547E-02  3.2939E+00  3.2939E+00  1.2939E+02
 -1.4163E-02  3.2337E+00  3.2337E+00  1.2848E+02
 -1.3779E-02  3.1827E+00  3.1827E+00  1.2779E+02
 -1.3396E-02  3.1427E+00  3.1427E+00  1.2735E+02
 -1.3012E-02  3.1149E+00  3.1149E+00  1.2714E+02
 -1.2628E-02  3.0999E+00  3.0999E+00  1.2714E+02
 -1.2244E-02  3.0974E+00  3.0974E+00  1.2727E+02
 -1.1861E-02  3.1065E+00  3.1065E+00  1.2746E+02
 -1.1477E-02  3.1251E+00  3.1251E+00  1.2758E+02
 -1.1093E-02  3.1502E+00  3.1502E+00  1.2751E+02
 -1.0710E-02  3.1779E+00  3.1779E+00  1.2708E+02
 -1.0326E-02  3.2034E+00  3.2034E+00  1.2615E+02
 -9.9421E-03  3.2215E+00  3.2215E+00  1.2458E+02
 -9.5583E-03  3.2265E+00  3.2265E+00  1.2224E+02
 -9.1746E-03  3.2125E+00  3.2125E+00  1.1904E+02
 -8.7909E-03  3.1742E+00  3.1742E+00  1.1491E+02
 -8.4071E-03  3.1071E+00  3.1071E+00  1.0987E+02
 -8.0234E-03  3.0076E+00  3.0076E+00  1.0396E+02
 -7.6397E-03  2.8742E+00  2.8742E+00  9.7304E+01
 -7.2560E-03  2.7072E+00  2.7072E+00  9.0080E+01
 -6.8722E-03  2.5095E+00  2.5095E+00  8.2530E+01
 -6.4885E-03  2.2865E+00  2.2865E+00  7.4945E+01
 -6.1048E-03  2.0466E+00  2.0466E+00  6.7650E+01
 -5.7210E-03  1.8006E+00  1.8006E+00  6.0980E+01
 -5.3373E-03  1.5615E+00  1.5615E+00  5.5251E+01
 -4.9536E-03  1.3433E+00  1.3433E+00  5.0723E+01
 -4.5699E-03  1.1600E+00  1.1600E+00  4.7560E+01
 -4.1861E-03  1.0235E+00  1.0235E+00  4.5777E+01
 -3.8024E-03  9.4068E-01  9.4068E-01  4.5193E+01
 -3.4187E-03  9.1025E-01  9.1025E-01  4.5379E+01
 -3.0349E-03  9.1793E-01  9.1793E-01  4.5603E+01
 -2.6512E-03  9.3094E-01  9.3094E-01  4.4794E+01
 -2.2675E-03  8.9090E-01  8.9090E-01  4.1503E+01
 -1.8838E-03  6.9156E-01  6.9156E-01  3.2755E+01
 -1.5000E-03  4.0047E-01  4.0047E-01  1.9910E+01
 -1.1163E-03  2.0105E-01  2.0105E-01  9.9992E+00
 -7.3257E-04  1.2322E-01  1.2322E-01  6.2643E+00
 -3.4884E-04  6.3434E-02  6.3434E-02  3.3278E+00
  3.4892E-05  0.0000E+00  0.0000E+00  0.0000E+00
  4.1862E-04  0.0000E+00  0.0000E+00  0.0000E+00
  8.0235E-04  0.0000E+00  0.0000E+00  0.0000E+00
  1.1861E-03  0.0000E+00  0.0000E+00  0.0000E+00
  1.5698E-03  0.0000E+00  0.0000E+00  0.0000E+00
  1.9535E-03  0.0000E+00  0.0000E+00  0.0000E+00
  2.3373E-03  0.0000E+00  0.0000E+00  0.0000E+00
  2.7210E-03  0.0000E+00  0.0000E+00  0.0000E+00
  3.1047E-03  0.0000E+00  0.0000E+00  0.0000E+00
  3.4885E-03  0.0000E+00  0.0000E+00  0.0000E+00
  3.8722E-03  0.0000E+00  0.0000E+00  0.0000E+00
  4.2559E-03  0.0000E+00  0.0000E+00  0.0000E+00
  4.6396E-03  0.0000E+00  0.0000E+00  0.0000E+00
  5.0234E-03  0.0000E+00  0.0000E+00  0.0000E+00
  5.4071E-03  0.0000E+00  0.0000E+00  0.0000E+00
  5.7908E-03  0.0000E+00  0.0000E+00  0.0000E+00
  6.1746E-03  0.0000E+00  0.0000E+00  0.0000E+00
  6.5583E-03  0.0000E+00  0.0000E+00  0.0000E+00
  6.9420E-03  0.0000E+00  0.0000E+00  0.0000E+00
  7.3257E-03  0.0000E+00  0.0000E+00  0.0000E+00
  7.7095E-03  0.0000E+00  0.0000E+00  0.0000E+00
  8.0932E-03  0.0000E+00  0.0000E+00  0.0000E+00
  8.4769E-03  0.0000E+00  0.0000E+00  0.0000E+00
  8.8607E-03  0.0000E+00  0.0000E+00  0.0000E+00
  9.2444E-03  0.0000E+00  0.0000E+00  0.0000E+00
  9.6281E-03  0.0000E+00  0.0000E+00  0.0000E+00
  1.0012E-02  0.0000E+00  0.0000E+00  0.0000E+00
  1.0396E-02  0.0000E+00  0.0000E+00  0.0000E+00
  1.0779E-02  0.0000E+00  0.0000E+00  0.0000E+00
  1.1163E-02  0.0000E+00  0.0000E+00  0.0000E+00
  1.1547E-02  0.0000E+00  0.0000E+00  0.0000E+00
  1.1930E-02  0.0000E+00  0.0000E+00  0.0000E+00
  1.2314E-02  0.0000E+00  0.0000E+00  0.0000E+00
  1.2698E-02  0.0000E+00  0.0000E+00  0.0000E+00
  1.3082E-02  0.0000E+00  0.0000E+00  0.0000E+00
  1.3465E-02  0.0000E+00  0.0000E+00  0.0000E+00
  1.3849E-02  0.0000E+00  0.0000E+00  0.0000E+00
  1.4233E-02  0.0000E+00  0.0000E+00  0.0000E+00
  1.4617E-02  0.0000E+00  0.0000E+00  0.0000E+00
  1.5000E-02  0.0000E+00  0.0000E+00  0.0000E+00
  1.5384E-02  0.0000E+00  0.0000E+00  0.0000E+00
  1.5768E-02  0.0000E+00  0.0000E+00  0.0000E+00
  1.6152E-02  0.0000E+00  0.0000E+00  0.0000E+00
  1.6535E-02  0.0000E+00  0.0000E+00  0.0000E+00
  1.6919E-02  0.0000E+00  0.0000E+00  0.0000E+00
  1.7303E-02  0.0000E+00  0.0000E+00  0.0000E+00
  1.7686E-02  0.0000E+00  0.0000E+00  0.0000E+00
  1.8070E-02  0.0000E+00  0.0000E+00  0.0000E+00
  1.8454E-02  0.0000E+00  0.0000E+00  0.0000E+00
  1.8838E-02  0.0000E+00  0.0000E+00  0.0000E+00
  1.9221E-02  0.0000E+00  0.0000E+00  0.0000E+00
  1.9605E-02  0.0000E+00  0.0000E+00  0.0000E+00
  1.9989E-02  0.0000E+00  0.0000E+00  0.0000E+00
  2.0373E-02  0.0000E+00  0.0000E+00  0.0000E+00
  2.0756E-02  0.0000E+00  0.0000E+00  0.0000E+00
  2.1140E-02  0.0000E+00  0.0000E+00  0.0000E+00
  2.1524E-02  0.0000E+00  0.0000E+00  0.0000E+00
  2.1907E-02  0.0000E+00  0.0000E+00  0.0000E+00
  2.2291E-02  0.0000E+00  0.0000E+00  0.0000E+00
  2.2675E-02  0.0000E+00  0.0000E+00  0.0000E+00
  2.3059E-02  0.0000E+00  0.0000E+00  0.0000E+00
  2.3442E-02  0.0000E+00  0.0000E+00  0.0000E+00
  2.3826E-02  0.0000E+00  0.0000E+00  0.0000E+00
  2.4210E-02  0.0000E+00  0.0000E+00  0.0000E+00
  2.4594E-02  0.0000E+00  0.0000E+00  0.0000E+00
  2.4977E-02  0.0000E+00  0.0000E+00  0.0000E+00
  2.5361E-02  0.0000E+00  0.0000E+00  0.0000E+00
  2.5745E-02  0.0000E+00  0.0000E+00  0.0000E+00
  2.6128E-02  0.0000E+00  0.0000E+00  0.0000E+00
  2.6512E-02  0.0000E+00  0.0000E+00  0.0000E+00
  2.6896E-02  0.0000E+00  0.0000E+00  0.0000E+00
  2.7280E-02  0.0000E+00  0.0000E+00  0.0000E+00
  2.7663E-02  0.0000E+00  0.0000E+00  0.0000E+00
  2.8047E-02  0.0000E+00  0.0000E+00  0.0000E+00
  2.8431E-02  0.0000E+00  0.0000E+00  0.0000E+00
  2.8815E-02  0.0000E+00  0.0000E+00  0.0000E+00
  2.9198E-02  0.0000E+00  0.0000E+00  0.0000E+00
  2.9582E-02  0.0000E+00  0.0000E+00  0.0000E+00
  2.9966E-02  0.0000E+00  0.0000E+00  0.0000E+00
  3.0349E-02  0.0000E+00  0.0000E+00  0.0000E+00
  3.0733E-02  0.0000E+00  0.0000E+00  0.0000E+00
  3.1117E-02  0.0000E+00  0.0000E+00  0.0000E+00
  3.1501E-02  0.0000E+00  0.0000E+00  0.0000E+00
  3.1884E-02  0.0000E+00  0.0000E+00  0.0000E+00
  3.2268E-02  0.0000E+00  0.0000E+00  0.0000E+00
  3.2652E-02  0.0000E+00  0.0000E+00  0.0000E+00
  3.3036E-02  0.0000E+00  0.0000E+00  0.0000E+00
  3.3419E-02  0.0000E+00  0.0000E+00  0.0000E+00
  3.3803E-02  0.0000E+00  0.0000E+00  0.0000E+00
  3.4187E-02  0.0000E+00  0.0000E+00  0.0000E+00
  3.4570E-02  0.0000E+00  0.0000E+00  0.0000E+00
  3.4954E-02  0.0000E+00  0.0000E+00  0.0000E+00
  3.5338E-02  0.0000E+00  0.0000E+00  0.0000E+00
  3.5722E-02  0.0000E+00  0.0000E+00  0.0000E+00
  3.6105E-02  0.0000E+00  0.0000E+00  0.0000E+00
  3.6489E-02  0.0000E+00  0.0000E+00  0.0000E+00
  3.6873E-02  0.0000E+00  0.0000E+00  0.0000E+00
  3.7257E-02  0.0000E+00  0.0000E+00  0.0000E+00
  3.7640E-02  0.0000E+00  0.0000E+00  0.0000E+00
  3.8024E-02  0.0000E+00  0.0000E+00  0.0000E+00
  3.8408E-02  0.0000E+00  0.0000E+00  0.0000E+00
  3.8792E-02  0.0000E+00  0.0000E+00  0.0000E+00
  3.9175E-02  0.0000E+00  0.0000E+00  0.0000E+00
  3.9559E-02  0.0000E+00  0.0000E+00  0.0000E+00
  3.9943E-02  0.0000E+00  0.0000E+00  0.0000E+00
  4.0326E-02  0.0000E+00  0.0000E+00  0.0000E+00
  4.0710E-02  0.0000E+00  0.0000E+00  0.0000E+00
  4.1094E-02  0.0000E+00  0.0000E+00  0.0000E+00
  4.1478E-02  0.0000E+00  0.0000E+00  0.0000E+00
  4.1861E-02  0.0000E+00  0.0000E+00  0.0000E+00
  4.2245E-02  0.0000E+00  0.0000E+00  0.0000E+00
  4.2629E-02  0.0000E+00  0.0000E+00  0.0000E+00
  4.3013E-02  0.0000E+00  0.0000E+00  0.0000E+00
  4.3396E-02  0.0000E+00  0.0000E+00  0.0000E+00
  4.3780E-02  0.0000E+00  0.0000E+00  0.0000E+00
  4.4164E-02  0.0000E+00  0.0000E+00  0.0000E+00
  4.4547E-02  0.0000E+00  0.0000E+00  0.0000E+00
  4.4931E-02  0.0000E+00  0.0000E+00  0.0000E+00
  4.5315E-02  0.0000E+00  0.0000E+00  0.0000E+00
  4.5699E-02  0.0000E+00  0.0000E+00  0.0000E+00
  4.6082E-02  0.0000E+00  0.0000E+00  0.0000E+00
  4.6466E-02  0.0000E+00  0.0000E+00  0.0000E+00
  4.6850E-02  0.0000E+00  0.0000E+00  0.0000E+00
  4.7234E-02  0.0000E+00  0.0000E+00  0.0000E+00
  4.7617E-02  0.0000E+00  0.0000E+00  0.0000E+00
  4.8001E-02  0.0000E+00  0.0000E+00  0.0000E+00
  4.8385E-02  0.0000E+00  0.0000E+00  0.0000E+00
  4.8768E-02  0.0000E+00  0.0000E+00  0.0000E+00
  4.9152E-02  0.0000E+00  0.0000E+00  0.0000E+00
  4.9536E-02  0.0000E+00  0.0000E+00  0.0000E+00
  4.9920E-02  0.0000E+00  0.0000E+00  0.0000E+00
  5.0303E-02  0.0000E+00  0.0000E+00  0.0000E+00
  5.0687E-02  0.0000E+00  0.0000E+00  0.0000E+00
  5.1071E-02  0.0000E+00  0.0000E+00  0.0000E+00
  5.1455E-02  0.0000E+00  0.0000E+00  0.0000E+00
  5.1838E-02  0.0000E+00  0.0000E+00  0.0000E+00
  5.2222E-02  0.0000E+00  0.0000E+00  0.0000E+00
  5.2606E-02  0.0000E+00  0.0000E+00  0.0000E+00
  5.2989E-02  0.0000E+00  0.0000E+00  0.0000E+00
  5.3373E-02  0.0000E+00  0.0000E+00  0.0000E+00
  5.3757E-02  0.0000E+00  0.0000E+00  0.0000E+00
  5.4141E-02  0.0000E+00  0.0000E+00  0.0000E+00
  5.4524E-02  0.0000E+00  0.0000E+00  0.0000E+00
  5.4908E-02  0.0000E+00  0.0000E+00  0.0000E+00
  5.5292E-02  0.0000E+00  0.0000E+00  0.0000E+00
  5.5676E-02  0.0000E+00  0.0000E+00  0.0000E+00
  5.6059E-02  0.0000E+00  0.0000E+00  0.0000E+00
  5.6443E-02  0.0000E+00  0.0000E+00  0.0000E+00
  5.6827E-02  0.0000E+00  0.0000E+00  0.0000E+00
  5.7210E-02  0.0000E+00  0.0000E+00  0.0000E+00
  5.7594E-02  0.0000E+00  0.0000E+00  0.0000E+00
  5.7978E-02  0.0000E+00  0.0000E+00  0.0000E+00
  5.8362E-02  0.0000E+00  0.0000E+00  0.0000E+00
  5.8745E-02  0.0000E+00  0.0000E+00  0.0000E+00
  5.9129E-02  0.0000E+00  0.0000E+00  0.0000E+00
  5.9513E-02  0.0000E+00  0.0000E+00  0.0000E+00
  5.9897E-02  0.0000E+00  0.0000E+00  0.0000E+00
  6.0280E-02  0.0000E+00  0.0000E+00  0.0000E+00
  6.0664E-02  0.0000E+00  0.0000E+00  0.0000E+00
  6.1048E-02  0.0000E+00  0.0000E+00  0.0000E+00
  6.1432E-02  0.0000E+00  0.0000E+00  0.0000E+00
  6.1815E-02  0.0000E+00  0.0000E+00  0.0000E+00
  6.2199E-02  0.0000E+00  0.0000E+00  0.0000E+00
  6.2583E-02  0.0000E+00  0.0000E+00  0.0000E+00
  6.2966E-02  0.0000E+00  0.0000E+00  0.0000E+00
  6.3350E-02  0.0000E+00  0.0000E+00  0.0000E+00
  6.3734E-02  0.0000E+00  0.0000E+00  0.0000E+00
  6.4118E-02  0.0000E+00  0.0000E+00  0.0000E+00
  6.4501E-02  0.0000E+00  0.0000E+00  0.0000E+00
  6.4885E-02  0.0000E+00  0.0000E+00  0.0000E+00
  6.5269E-02  0.0000E+00  0.0000E+00  0.0000E+00
  6.5653E-02  0.0000E+00  0.0000E+00  0.0000E+00
  6.6036E-02  0.0000E+00  0.0000E+00  0.0000E+00
  6.6420E-02  0.0000E+00  0.0000E+00  0.0000E+00
  6.6804E-02  0.0000E+00  0.0000E+00  0.0000E+00
  6.7187E-02  0.0000E+00  0.0000E+00  0.0000E+00
  6.7571E-02  0.0000E+00  0.0000E+00  0.0000E+00
  6.7955E-02  0.0000E+00  0.0000E+00  0.0000E+00
  6.8339E-02  0.0000E+00  0.0000E+00  0.0000E+00
  6.8722E-02  0.0000E+00  0.0000E+00  0.0000E+00
  6.9106E-02  0.0000E+00  0.0000E+00  0.0000E+00
  6.9490E-02  0.0000E+00  0.0000E+00  0.0000E+00
  6.9874E-02  0.0000E+00  0.0000E+00  0.0000E+00
  7.0257E-02  0.0000E+00  0.0000E+00  0.0000E+00
  7.0641E-02  0.0000E+00  0.0000E+00  0.0000E+00
  7.1025E-02  0.0000E+00  0.0000E+00  0.0000E+00
  7.1408E-02  0.0000E+00  0.0000E+00  0.0000E+00
  7.1792E-02  0.0000E+00  0.0000E+00  0.0000E+00
  7.2176E-02  0.0000E+00  0.0000E+00  0.0000E+00
  7.2560E-02  0.0000E+00  0.0000E+00  0.0000E+00
  7.2943E-02  0.0000E+00  0.0000E+00  0.0000E+00
  7.3327E-02  6.0027E-01  6.0027E-01  1.3313E+00
  7.3711E-02  1.4091E+00  1.4091E+00  3.1250E+00
  7.4095E-02  2.2180E+00  2.2180E+00  4.9188E+00
  7.4478E-02  1.8173E+00  1.8173E+00  4.0846E+00
  7.4862E-02  1.1056E+00  1.1056E+00  2.5111E+00
  7.5246E-02  4.0840E-01  4.0840E-01  9.3341E-01
  7.5629E-02 -1.4358E-01 -1.4358E-01 -3.4100E-01
  7.6013E-02 -4.7989E-01 -4.7989E-01 -1.1434E+00
  7.6397E-02 -5.7489E-01 -5.7489E-01 -1.4081E+00
  7.6781E-02 -4.3495E-01 -4.3495E-01 -1.1438E+00
  7.7164E-02 -8.7996E-02 -8.7996E-02 -4.0917E-01
  7.7548E-02  4.2484E-01  4.2484E-01  7.0585E-01
  7.7932E-02  1.0558E+00  1.0558E+00  2.0953E+00
  7.8316E-02  1.7557E+00  1.7557E+00  3.6488E+00
  7.8699E-02  2.4774E+00  2.4774E+00  5.2601E+00
  7.9083E-02  3.1788E+00  3.1788E+00  6.8337E+00
  7.9467E-02  3.8244E+00  3.8244E+00  8.2883E+00
  7.9851E-02  4.3862E+00  4.3862E+00  9.5597E+00
  8.0234E-02  4.8443E+00  4.8443E+00  1.0602E+01
  8.0618E-02  5.1868E+00  5.1868E+00  1.1385E+01
  8.1002E-02  5.4089E+00  5.4089E+00  1.1898E+01
  8.1385E-02  5.5129E+00  5.5129E+00  1.2145E+01
  8.1769E-02  5.5066E+00  5.5066E+00  1.2142E+01
  8.2153E-02  5.4028E+00  5.4028E+00  1.1916E+01
  8.2537E-02  5.2176E+00  5.2176E+00  1.1504E+01
  8.2920E-02  4.9701E+00  4.9701E+00  1.0946E+01
  8.3304E-02  4.6804E+00  4.6804E+00  1.0290E+01
  8.3688E-02  4.3694E+00  4.3694E+00  9.5809E+00
  8.4072E-02  4.0576E+00  4.0576E+00  8.8659E+00
  8.4455E-02  3.7641E+00  3.7641E+00  8.1883E+00
  8.4839E-02  3.5062E+00  3.5062E+00  7.5880E+00
  8.5223E-02  3.2990E+00  3.2990E+00  7.0991E+00
  8.5606E-02  3.1545E+00  3.1545E+00  6.7500E+00
  8.5990E-02  4.2654E+00  4.2654E+00  9.1146E+00
  8.6374E-02  6.4246E+00  6.4246E+00  1.3748E+01
  8.6758E-02  7.7749E+00  7.7749E+00  1.6660E+01
  8.7141E-02  6.4318E+00  6.4318E+00  1.3773E+01
  8.7525E-02  4.3202E+00  4.3202E+00  9.2171E+00
  8.7909E-02  2.4234E+00  2.4234E+00  5.1242E+00
  8.8293E-02  1.2620E+00  1.2620E+00  2.6243E+00
  8.8676E-02  1.0303E+00  1.0303E+00  2.1423E+00
  8.9060E-02  1.7052E+00  1.7052E+00  3.6310E+00
  8.9444E-02  3.1302E+00  3.1302E+00  6.7540E+00
  8.9827E-02  5.0792E+00  5.0792E+00  1.1023E+01
  9.0211E-02  7.3037E+00  7.3037E+00  1.5900E+01
  9.0595E-02  9.5658E+00  9.5658E+00  2.0868E+01
  9.0979E-02  1.1660E+01  1.1660E+01  2.5480E+01
  9.1362E-02  1.3426E+01  1.3426E+01  2.9386E+01
  9.1746E-02  1.4754E+01  1.4754E+01  3.2347E+01
  9.2130E-02  1.5587E+01  1.5587E+01  3.4233E+01
  9.2514E-02  1.5914E+01  1.5914E+01  3.5018E+01
  9.2897E-02  1.5768E+01  1.5768E+01  3.4770E+01
  9.3281E-02  1.5215E+01  1.5215E+01  3.3628E+01
  9.3665E-02  1.4347E+01  1.4347E+01  3.1788E+01
  9.4048E-02  1.3272E+01  1.3272E+01  2.9485E+01
  9.4432E-02  1.2108E+01  1.2108E+01  2.6970E+01
  9.4816E-02  1.0973E+01  1.0973E+01  2.4500E+01
  9.5200E-02  9.9789E+00  9.9789E+00  2.2317E+01
  9.5583E-02  9.2259E+00  9.2259E+00  2.0639E+01
  9.5967E-02  8.7987E+00  8.7987E+00  1.9651E+01
  9.6351E-02  8.7628E+00  8.7628E+00  1.9497E+01
  9.6735E-02  9.1629E+00  9.1629E+00  2.0277E+01
  9.7118E-02  1.0022E+01  1.0022E+01  2.2044E+01
  9.7502E-02  1.1344E+01  1.1344E+01  2.4808E+01
  9.7886E-02  1.3110E+01  1.3110E+01  2.8534E+01
  9.8269E-02  1.5286E+01  1.5286E+01  3.3150E+01
  9.8653E-02  1.7823E+01  1.7823E+01  3.8552E+01
  9.9037E-02  2.0660E+01  2.0660E+01  4.4613E+01
  9.9421E-02  2.3727E+01  2.3727E+01  5.1184E+01
  9.9804E-02  2.6952E+01  2.6952E+01  5.8110E+01
  1.0019E-01  3.0260E+01  3.0260E+01  6.5230E+01
  1.0057E-01  3.3580E+01  3.3580E+01  7.2391E+01
  1.0096E-01  3.6844E+01  3.6844E+01  7.9449E+01
  1.0134E-01  3.9996E+01  3.9996E+01  8.6280E+01
  1.0172E-01  4.2988E+01  4.2988E+01  9.2780E+01
  1.0211E-01  4.5784E+01  4.5784E+01  9.8873E+01
  1.0249E-01  4.8363E+01  4.8363E+01  1.0451E+02
  1.0287E-01  5.0718E+01  5.0718E+01  1.0967E+02
  1.0326E-01  5.2854E+01  5.2854E+01  1.1437E+02
  1.0364E-01  5.4791E+01  5.4791E+01  1.1865E+02
  1.0403E-01  5.6559E+01  5.6559E+01  1.2257E+02
  1.0441E-01  5.8201E+01  5.8201E+01  1.2621E+02
  1.0479E-01  5.9765E+01  5.9765E+01  1.2970E+02
  1.0518E-01  6.1308E+01  6.1308E+01  1.3313E+02
  1.0556E-01  6.2886E+01  6.2886E+01  1.3665E+02
  1.0594E-01  6.4560E+01  6.4560E+01  1.4036E+02
  1.0633E-01  6.6383E+01  6.6383E+01  1.4440E+02
  1.0671E-01  6.8406E+01  6.8406E+01  1.4887E+02
  1.0710E-01  7.0669E+01  7.0669E+01  1.5386E+02
  1.0748E-01  7.3203E+01  7.3203E+01  1.5944E+02
  1.0786E-01  7.6023E+01  7.6023E+01  1.6564E+02
  1.0825E-01  7.9131E+01  7.9131E+01  1.7246E+02
  1.0863E-01  8.2513E+01  8.2513E+01  1.7988E+02
  1.0901E-01  8.6137E+01  8.6137E+01  1.8784E+02
  1.0940E-01  8.9954E+01  8.9954E+01  1.9622E+02
  1.0978E-01  9.3898E+01  9.3898E+01  2.0489E+02
  1.1017E-01  9.7890E+01  9.7890E+01  2.1368E+02
  1.1055E-01  1.0184E+02  1.0184E+02  2.2238E+02
  1.1093E-01  1.0563E+02  1.0563E+02  2.3078E+02
  1.1132E-01  1.0916E+02  1.0916E+02  2.3863E+02
  1.1170E-01  1.1232E+02  1.1232E+02  2.4569E+02
  1.1208E-01  1.1498E+02  1.1498E+02  2.5169E+02
  1.1247E-01  1.1703E+02  1.1703E+02  2.5640E+02
  1.1285E-01  1.1837E+02  1.1837E+02  2.5959E+02
  1.1323E-01  1.1892E+02  1.1892E+02  2.6106E+02
  1.1362E-01  1.2256E+02  1.2256E+02  2.6964E+02
  1.1400E-01  1.2802E+02  1.2802E+02  2.8244E+02
  1.1439E-01  1.2399E+02  1.2399E+02  2.7369E+02
  1.1477E-01  1.1814E+02  1.1814E+02  2.6075E+02
  1.1515E-01  1.1288E+02  1.1288E+02  2.4930E+02
  1.1554E-01  1.0900E+02  1.0900E+02  2.4117E+02
  1.1592E-01  1.0633E+02  1.0633E+02  2.3600E+02
  1.1630E-01  1.0429E+02  1.0429E+02  2.3235E+02
  1.1669E-01  1.0217E+02  1.0217E+02  2.2859E+02
  1.1707E-01  9.9377E+01  9.9377E+01  2.2328E+02
  1.1746E-01  9.5550E+01  9.5550E+01  2.1552E+02
  1.1784E-01  9.0581E+01  9.0581E+01  2.0502E+02
  1.1822E-01  8.4620E+01  8.4620E+01  1.9208E+02
  1.1861E-01  7.8025E+01  7.8025E+01  1.7749E+02
  1.1899E-01  7.1298E+01  7.1298E+01  1.6238E+02
  1.1937E-01  6.5018E+01  6.5018E+01  1.4807E+02
  1.1976E-01  5.9762E+01  5.9762E+01  1.3589E+02
  1.2014E-01  5.6038E+01  5.6038E+01  1.2704E+02
  1.2053E-01  5.4234E+01  5.4234E+01  1.2244E+02
  1.2091E-01  5.4571E+01  5.4571E+01  1.2263E+02
  1.2129E-01  5.7083E+01  5.7083E+01  1.2776E+02
  1.2168E-01  6.1607E+01  6.1607E+01  1.3750E+02
  1.2206E-01  6.7800E+01  6.7800E+01  1.5114E+02
  1.2244E-01  7.5173E+01  7.5173E+01  1.6762E+02
  1.2283E-01  8.3147E+01  8.3147E+01  1.8565E+02
  1.2321E-01  9.1133E+01  9.1133E+01  2.0390E+02
  1.2360E-01  9.8633E+01  9.8633E+01  2.2121E+02
  1.2398E-01  1.0537E+02  1.0537E+02  2.3685E+02
  1.2436E-01  1.2222E+02  1.2222E+02  2.7414E+02
  1.2475E-01  1.2656E+02  1.2656E+02  2.8426E+02
  1.2513E-01  1.3838E+02  1.3838E+02  3.0960E+02
  1.2551E-01  1.5682E+02  1.5682E+02  3.5043E+02
  1.2590E-01  1.7607E+02  1.7607E+02  3.9480E+02
  1.2628E-01  1.9068E+02  1.9068E+02  4.2971E+02
  1.2667E-01  2.0059E+02  2.0059E+02  4.5440E+02
  1.2705E-01  2.0642E+02  2.0642E+02  4.6981E+02
  1.2743E-01  2.0872E+02  2.0872E+02  4.7705E+02
  1.2782E-01  2.0782E+02  2.0782E+02  4.7678E+02
  1.2820E-01  2.0379E+02  2.0379E+02  4.6931E+02
  1.2858E-01  1.9666E+02  1.9666E+02  4.5476E+02
  1.2897E-01  1.8654E+02  1.8654E+02  4.3340E+02
  1.2935E-01  1.7375E+02  1.7375E+02  4.0590E+02
  1.2974E-01  1.6767E+02  1.6767E+02  3.9380E+02
  1.3012E-01  1.6772E+02  1.6772E+02  3.9561E+02
  1.3050E-01  1.6554E+02  1.6554E+02  3.9187E+02
  1.3089E-01  1.4847E+02  1.4847E+02  3.5370E+02
  1.3127E-01  1.3198E+02  1.3198E+02  3.1568E+02
  1.3165E-01  1.1715E+02  1.1715E+02  2.8072E+02
  1.3204E-01  1.0465E+02  1.0465E+02  2.5070E+02
  1.3242E-01  9.4672E+01  9.4672E+01  2.2643E+02
  1.3281E-01  8.7061E+01  8.7061E+01  2.0780E+02
  1.3319E-01  8.1751E+01  8.1751E+01  1.9491E+02
  1.3357E-01  7.8614E+01  7.8614E+01  1.8761E+02
  1.3396E-01  7.5945E+01  7.5945E+01  1.8178E+02
  1.3434E-01  7.1413E+01  7.1413E+01  1.7164E+02
  1.3472E-01  6.6581E+01  6.6581E+01  1.6100E+02
  1.3511E-01  6.1198E+01  6.1198E+01  1.4905E+02
  1.3549E-01  5.5316E+01  5.5316E+01  1.3574E+02
  1.3587E-01  4.9237E+01  4.9237E+01  1.2172E+02
  1.3626E-01  4.3438E+01  4.3438E+01  1.0815E+02
  1.3664E-01  3.8459E+01  3.8459E+01  9.6460E+01
  1.3703E-01  3.4773E+01  3.4773E+01  8.7939E+01
  1.3741E-01  3.2666E+01  3.2666E+01  8.3369E+01
  1.3779E-01  3.2138E+01  3.2138E+01  8.2672E+01
  1.3818E-01  3.2852E+01  3.2852E+01  8.4731E+01
  1.3856E-01  3.4146E+01  3.4146E+01  8.7519E+01
  1.3894E-01  3.5093E+01  3.5093E+01  8.8714E+01
  1.3933E-01  3.4589E+01  3.4589E+01  8.6887E+01
  1.3971E-01  3.2489E+01  3.2489E+01  8.3076E+01
  1.4010E-01  3.2527E+01  3.2527E+01  8.3217E+01
  1.4048E-01  3.2790E+01  3.2790E+01  8.3815E+01
  1.4086E-01  3.3103E+01  3.3103E+01  8.4546E+01
  1.4125E-01  3.3460E+01  3.3460E+01  8.5400E+01
  1.4163E-01  3.3852E+01  3.3852E+01  8.6366E+01
  1.4201E-01  3.4275E+01  3.4275E+01  8.7436E+01
  1.4240E-01  3.4724E+01  3.4724E+01  8.8604E+01
  1.4278E-01  3.5197E+01  3.5197E+01  8.9869E+01
  1.4317E-01  3.5695E+01  3.5695E+01  9.1232E+01
  1.4355E-01  3.6219E+01  3.6219E+01  9.2699E+01
  1.4393E-01  3.6773E+01  3.6773E+01  9.4278E+01
  1.4432E-01  3.7364E+01  3.7364E+01  9.5982E+01
  1.4470E-01  3.7997E+01  3.7997E+01  9.7825E+01
  1.4508E-01  3.8680E+01  3.8680E+01  9.9822E+01
  1.4547E-01  3.9422E+01  3.9422E+01  1.0199E+02
  1.4585E-01  4.0228E+01  4.0228E+01  1.0434E+02
  1.4624E-01  4.1106E+01  4.1106E+01  1.0688E+02
  1.4662E-01  4.2060E+01  4.2060E+01  1.0962E+02
  1.4700E-01  4.3092E+01  4.3092E+01  1.1256E+02
  1.4739E-01  4.4203E+01  4.4203E+01  1.1570E+02
  1.4777E-01  4.5391E+01  4.5391E+01  1.1902E+02
  1.4815E-01  4.6649E+01  4.6649E+01  1.2250E+02
  1.4854E-01  4.7968E+01  4.7968E+01  1.2612E+02
  1.4892E-01  4.9336E+01  4.9336E+01  1.2984E+02
  1.4931E-01  5.0737E+01  5.0737E+01  1.3361E+02
  1.4969E-01  5.2152E+01  5.2152E+01  1.3739E+02
  1.5007E-01  5.3559E+01  5.3559E+01  1.4112E+02
  1.5046E-01  5.4933E+01  5.4933E+01  1.4473E+02
  1.5084E-01  5.6249E+01  5.6249E+01  1.4816E+02
  1.5122E-01  5.7479E+01  5.7479E+01  1.5133E+02
  1.5161E-01  5.8594E+01  5.8594E+01  1.5417E+02
  1.5199E-01  5.9566E+01  5.9566E+01  1.5662E+02
  1.5238E-01  6.0367E+01  6.0367E+01  1.5859E+02
  1.5276E-01  6.0971E+01  6.0971E+01  1.6003E+02
  1.5314E-01  6.1354E+01  6.1354E+01  1.6088E+02
  1.5353E-01  6.1494E+01  6.1494E+01  1.6109E+02
  1.5391E-01  6.1375E+01  6.1375E+01  1.6061E+02
  1.5429E-01  6.0982E+01  6.0982E+01  1.5941E+02
  1.5468E-01  6.0308E+01  6.0308E+01  1.5749E+02
  1.5506E-01  5.9350E+01  5.9350E+01  1.5482E+02
  1.5545E-01  5.8110E+01  5.8110E+01  1.5142E+02
  1.5583E-01  5.6597E+01  5.6597E+01  1.4732E+02
  1.5621E-01  5.4826E+01  5.4826E+01  1.4256E+02
  1.5660E-01  5.2817E+01  5.2817E+01  1.3719E+02
  1.5698E-01  5.0595E+01  5.0595E+01  1.3128E+02
  1.5736E-01  4.8192E+01  4.8192E+01  1.2492E+02
  1.5775E-01  4.5645E+01  4.5645E+01  1.1819E+02
  1.5813E-01  4.2991E+01  4.2991E+01  1.1119E+02
  1.5851E-01  4.0276E+01  4.0276E+01  1.0405E+02
  1.5890E-01  3.7542E+01  3.7542E+01  9.6877E+01
  1.5928E-01  3.4838E+01  3.4838E+01  8.9787E+01
  1.5967E-01  3.2209E+01  3.2209E+01  8.2900E+01
  1.6005E-01  2.9699E+01  2.9699E+01  7.6332E+01
  1.6043E-01  2.7351E+01  2.7351E+01  7.0189E+01
  1.6082E-01  2.5203E+01  2.5203E+01  6.4571E+01
  1.6120E-01  2.3288E+01  2.3288E+01  5.9562E+01
  1.6158E-01  2.1635E+01  2.1635E+01  5.5231E+01
  1.6197E-01  2.0262E+01  2.0262E+01  5.1630E+01
  1.6235E-01  1.9182E+01  1.9182E+01  4.8789E+01
  1.6274E-01  1.8397E+01  1.8397E+01  4.6716E+01
  1.6312E-01  1.7903E+01  1.7903E+01  4.5396E+01
  1.6350E-01  1.7683E+01  1.7683E+01  4.4788E+01
  1.6389E-01  1.7713E+01  1.7713E+01  4.4831E+01
  1.6427E-01  1.7960E+01  1.7960E+01  4.5439E+01
  1.6465E-01  1.8382E+01  1.8382E+01  4.6507E+01
  1.6504E-01  1.8931E+01  1.8931E+01  4.7913E+01
  1.6542E-01  1.9555E+01  1.9555E+01  4.9519E+01
  1.6581E-01  2.0197E+01  2.0197E+01  5.1183E+01
  1.6619E-01  2.0799E+01  2.0799E+01  5.2757E+01
  1.6657E-01  2.1307E+01  2.1307E+01  5.4099E+01
  1.6696E-01  2.1668E+01  2.1668E+01  5.5076E+01
  1.6734E-01  2.1841E+01  2.1841E+01  5.5576E+01
  1.6772E-01  2.1791E+01  2.1791E+01  5.5513E+01
  1.6811E-01  2.1499E+01  2.1499E+01  5.4835E+01
  1.6849E-01  2.0964E+01  2.0964E+01  5.3531E+01
  1.6888E-01  2.0200E+01  2.0200E+01  5.1639E+01
  1.6926E-01  1.9245E+01  1.9245E+01  4.9248E+01
  1.6964E-01  1.8157E+01  1.8157E+01  4.6501E+01
  1.7003E-01  1.7013E+01  1.7013E+01  4.3594E+01
  1.7041E-01  1.5911E+01  1.5911E+01  4.0772E+01
  1.7079E-01  1.4963E+01  1.4963E+01  3.8318E+01
  1.7118E-01  1.4286E+01  1.4286E+01  3.6534E+01
  1.7156E-01  1.3998E+01  1.3998E+01  3.5720E+01
  1.7195E-01  1.4198E+01  1.4198E+01  3.6138E+01
  1.7233E-01  1.4952E+01  1.4952E+01  3.7970E+01
  1.7271E-01  1.6266E+01  1.6266E+01  4.1254E+01
  1.7310E-01  1.8060E+01  1.8060E+01  4.5815E+01
  1.7348E-01  1.9567E+01  1.9567E+01  4.9747E+01
  1.7386E-01  1.0809E+01  1.0809E+01  2.7510E+01
  1.7425E-01  2.0598E+00  2.0598E+00  5.3115E+00
  1.7463E-01  7.1591E-02  7.1591E-02  3.0150E-01
  1.7502E-01  7.7048E-03  7.7048E-03  2.1287E-01
  1.7540E-01  9.3255E-02  9.3255E-02  4.2086E-01
  1.7578E-01  5.3070E-01  5.3070E-01  1.3744E+00
  1.7617E-01  1.1746E+00  1.1746E+00  2.7666E+00
  1.7655E-01  1.8298E+00  1.8298E+00  4.0963E+00
  1.7693E-01  2.3627E+00  2.3627E+00  5.0255E+00
  1.7732E-01  2.8505E+00  2.8505E+00  5.8607E+00
  1.7770E-01  3.2551E+00  3.2551E+00  6.5205E+00
  1.7809E-01  3.5141E+00  3.5141E+00  6.9067E+00
  1.7847E-01  3.8119E+00  3.8119E+00  7.5500E+00
  1.7885E-01  4.1884E+00  4.1884E+00  8.4961E+00
  1.7924E-01  4.5880E+00  4.5880E+00  9.5772E+00
  1.7962E-01  4.9745E+00  4.9745E+00  1.0677E+01
  1.8000E-01  5.3266E+00  5.3266E+00  1.1721E+01
  1.8039E-01  5.6355E+00  5.6355E+00  1.2667E+01
  1.8077E-01  5.9012E+00  5.9012E+00  1.3502E+01
  1.8115E-01  6.1307E+00  6.1307E+00  1.4229E+01
  1.8154E-01  6.3356E+00  6.3356E+00  1.4867E+01
  1.8192E-01  6.5302E+00  6.5302E+00  1.5447E+01
  1.8231E-01  6.7308E+00  6.7308E+00  1.6001E+01
  1.8269E-01  6.9536E+00  6.9536E+00  1.6570E+01
  1.8307E-01  7.2143E+00  7.2143E+00  1.7190E+01
  1.8346E-01  7.5273E+00  7.5273E+00  1.7898E+01
  1.8384E-01  7.9053E+00  7.9053E+00  1.8727E+01
  1.8422E-01  8.3583E+00  8.3583E+00  1.9706E+01
  1.8461E-01  8.8943E+00  8.8943E+00  2.0857E+01
  1.8499E-01  9.5183E+00  9.5183E+00  2.2199E+01
  1.8538E-01  1.0233E+01  1.0233E+01  2.3742E+01
  1.8576E-01  1.1038E+01  1.1038E+01  2.5490E+01
  1.8614E-01  1.1930E+01  1.1930E+01  2.7443E+01
  1.8653E-01  1.2905E+01  1.2905E+01  2.9595E+01
  1.8691E-01  1.3957E+01  1.3957E+01  3.1932E+01
  1.8729E-01  1.5075E+01  1.5075E+01  3.4439E+01
  1.8768E-01  1.6249E+01  1.6249E+01  3.7093E+01
  1.8806E-01  1.7469E+01  1.7469E+01  3.9871E+01
  1.8845E-01  1.8721E+01  1.8721E+01  4.2745E+01
  1.8883E-01  1.9992E+01  1.9992E+01  4.5685E+01
  1.8921E-01  2.1268E+01  2.1268E+01  4.8661E+01
  1.8960E-01  2.2536E+01  2.2536E+01  5.1640E+01
  1.8998E-01  2.3782E+01  2.3782E+01  5.4591E+01
  1.9036E-01  2.4993E+01  2.4993E+01  5.7482E+01
  1.9075E-01  2.6155E+01  2.6155E+01  6.0282E+01
  1.9113E-01  2.6975E+01  2.6975E+01  6.2131E+01
  1.9152E-01  2.7597E+01  2.7597E+01  6.3458E+01
  1.9190E-01  2.8138E+01  2.8138E+01  6.4613E+01
  1.9228E-01  2.8591E+01  2.8591E+01  6.5575E+01
  1.9267E-01  2.9028E+01  2.9028E+01  6.6580E+01
  1.9305E-01  2.9783E+01  2.9783E+01  6.8538E+01
  1.9343E-01  3.0770E+01  3.0770E+01  7.1163E+01
  1.9382E-01  3.1868E+01  3.1868E+01  7.4132E+01
  1.9420E-01  3.2983E+01  3.2983E+01  7.7184E+01
  1.9459E-01  3.4040E+01  3.4040E+01  8.0115E+01
  1.9497E-01  3.4984E+01  3.4984E+01  8.2771E+01
  1.9535E-01  3.5774E+01  3.5774E+01  8.5042E+01
  1.9574E-01  3.6384E+01  3.6384E+01  8.6853E+01
  1.9612E-01  3.6801E+01  3.6801E+01  8.8160E+01
  1.9650E-01  3.7017E+01  3.7017E+01  8.8948E+01
  1.9689E-01  3.7037E+01  3.7037E+01  8.9219E+01
  1.9727E-01  3.6870E+01  3.6870E+01  8.8998E+01
  1.9766E-01  3.6531E+01  3.6531E+01  8.8320E+01
  1.9804E-01  3.6038E+01  3.6038E+01  8.7232E+01
  1.9842E-01  3.5412E+01  3.5412E+01  8.5790E+01
  1.9881E-01  3.4677E+01  3.4677E+01  8.4054E+01
  1.9919E-01  3.3859E+01  3.3859E+01  8.2088E+01
  1.9957E-01  3.2981E+01  3.2981E+01  7.9959E+01
  1.9996E-01  3.2070E+01  3.2070E+01  7.7731E+01
  2.0034E-01  3.1149E+01  3.1149E+01  7.5469E+01
  2.0073E-01  3.0242E+01  3.0242E+01  7.3232E+01
  2.0111E-01  2.9370E+01  2.9370E+01  7.1079E+01
  2.0149E-01  2.8554E+01  2.8554E+01  6.9062E+01
  2.0188E-01  2.7810E+01  2.7810E+01  6.7228E+01
  2.0226E-01  2.7155E+01  2.7155E+01  6.5620E+01
  2.0264E-01  2.6603E+01  2.6603E+01  6.4273E+01
  2.0303E-01  2.6163E+01  2.6163E+01  6.3216E+01
  2.0341E-01  2.5845E+01  2.5845E+01  6.2474E+01
  2.0379E-01  2.5655E+01  2.5655E+01  6.2063E+01
  2.0418E-01  2.5596E+01  2.5596E+01  6.1994E+01
  2.0456E-01  2.5669E+01  2.5669E+01  6.2271E+01
  2.0495E-01  2.5875E+01  2.5875E+01  6.2894E+01
  2.0533E-01  2.6210E+01  2.6210E+01  6.3855E+01
  2.0571E-01  2.6668E+01  2.6668E+01  6.5144E+01
  2.0610E-01  2.7244E+01  2.7244E+01  6.6744E+01
  2.0648E-01  2.7929E+01  2.7929E+01  6.8634E+01
  2.0686E-01  2.8714E+01  2.8714E+01  7.0789E+01
  2.0725E-01  2.9586E+01  2.9586E+01  7.3181E+01
  2.0763E-01  3.0535E+01  3.0535E+01  7.5780E+01
  2.0802E-01  3.1547E+01  3.1547E+01  7.8552E+01
  2.0840E-01  3.2609E+01  3.2609E+01  8.1461E+01
  2.0878E-01  3.3707E+01  3.3707E+01  8.4473E+01
  2.0917E-01  3.4826E+01  3.4826E+01  8.7548E+01
  2.0955E-01  3.6171E+01  3.6171E+01  9.1301E+01
  2.0993E-01  3.7977E+01  3.7977E+01  9.6440E+01
  2.1032E-01  3.9762E+01  3.9762E+01  1.0153E+02
  2.1070E-01  4.1488E+01  4.1488E+01  1.0647E+02
  2.1109E-01  4.2361E+01  4.2361E+01  1.0897E+02
  2.1147E-01  4.2786E+01  4.2786E+01  1.1012E+02
  2.1185E-01  4.2964E+01  4.2964E+01  1.1054E+02
  2.1224E-01  4.3041E+01  4.3041E+01  1.1065E+02
  2.1262E-01  4.3111E+01  4.3111E+01  1.1075E+02
  2.1300E-01  4.3231E+01  4.3231E+01  1.1102E+02
  2.1339E-01  4.3429E+01  4.3429E+01  1.1155E+02
  2.1377E-01  4.3710E+01  4.3710E+01  1.1235E+02
  2.1416E-01  4.4062E+01  4.4062E+01  1.1339E+02
  2.1454E-01  4.4465E+01  4.4465E+01  1.1462E+02
  2.1492E-01  4.4889E+01  4.4889E+01  1.1596E+02
  2.1531E-01  4.5306E+01  4.5306E+01  1.1730E+02
  2.1569E-01  4.5681E+01  4.5681E+01  1.1856E+02
  2.1607E-01  4.5987E+01  4.5987E+01  1.1965E+02
  2.1646E-01  4.6197E+01  4.6197E+01  1.2049E+02
  2.1684E-01  4.6289E+01  4.6289E+01  1.2100E+02
  2.1723E-01  4.6246E+01  4.6246E+01  1.2115E+02
  2.1761E-01  4.6059E+01  4.6059E+01  1.2089E+02
  2.1799E-01  4.5722E+01  4.5722E+01  1.2021E+02
  2.1838E-01  4.5234E+01  4.5234E+01  1.1910E+02
  2.1876E-01  4.4603E+01  4.4603E+01  1.1757E+02
  2.1914E-01  4.3838E+01  4.3838E+01  1.1566E+02
  2.1953E-01  4.2954E+01  4.2954E+01  1.1339E+02
  2.1991E-01  4.1969E+01  4.1969E+01  1.1082E+02
  2.2030E-01  4.0903E+01  4.0903E+01  1.0801E+02
  2.2068E-01  3.9779E+01  3.9779E+01  1.0503E+02
  2.2106E-01  3.8621E+01  3.8621E+01  1.0193E+02
  2.2145E-01  3.7453E+01  3.7453E+01  9.8792E+01
  2.2183E-01  3.6300E+01  3.6300E+01  9.5685E+01
  2.2221E-01  3.5185E+01  3.5185E+01  9.2677E+01
  2.2260E-01  3.4129E+01  3.4129E+01  8.9830E+01
  2.2298E-01  3.3153E+01  3.3153E+01  8.7204E+01
  2.2337E-01  3.2274E+01  3.2274E+01  8.4851E+01
  2.2375E-01  3.1506E+01  3.1506E+01  8.2813E+01
  2.2413E-01  3.0860E+01  3.0860E+01  8.1126E+01
  2.2452E-01  3.0345E+01  3.0345E+01  7.9814E+01
  2.2490E-01  2.9965E+01  2.9965E+01  7.8893E+01
  2.2528E-01  2.9721E+01  2.9721E+01  7.8366E+01
  2.2567E-01  2.9611E+01  2.9611E+01  7.8229E+01
  2.2605E-01  2.9629E+01  2.9629E+01  7.8466E+01
  2.2643E-01  2.9767E+01  2.9767E+01  7.9055E+01
  2.2682E-01  3.0015E+01  3.0015E+01  7.9963E+01
  2.2720E-01  3.0359E+01  3.0359E+01  8.1154E+01
  2.2759E-01  3.0786E+01  3.0786E+01  8.2586E+01
  2.2797E-01  3.1280E+01  3.1280E+01  8.4213E+01
  2.2835E-01  3.1829E+01  3.1829E+01  8.5991E+01
  2.2874E-01  3.2417E+01  3.2417E+01  8.7877E+01
  2.2912E-01  3.3034E+01  3.3034E+01  8.9836E+01
  2.2950E-01  3.3672E+01  3.3672E+01  9.1838E+01
  2.2989E-01  3.4327E+01  3.4327E+01  9.3868E+01
  2.3027E-01  3.5001E+01  3.5001E+01  9.5929E+01
  2.3066E-01  3.5704E+01  3.5704E+01  9.8041E+01
  2.3104E-01  3.6454E+01  3.6454E+01  1.0025E+02
  2.3142E-01  3.7278E+01  3.7278E+01  1.0265E+02
  2.3181E-01  3.8217E+01  3.8217E+01  1.0533E+02
  2.3219E-01  3.9325E+01  3.9325E+01  1.0848E+02
  2.3257E-01  4.0671E+01  4.0671E+01  1.1229E+02
  2.3296E-01  4.2344E+01  4.2344E+01  1.1703E+02
  2.3334E-01  4.4451E+01  4.4451E+01  1.2304E+02
  2.3373E-01  4.6445E+01  4.6445E+01  1.2880E+02
  2.3411E-01  4.7414E+01  4.7414E+01  1.3170E+02
  2.3449E-01  4.8268E+01  4.8268E+01  1.3426E+02
  2.3488E-01  4.9005E+01  4.9005E+01  1.3649E+02
  2.3526E-01  4.9849E+01  4.9849E+01  1.3893E+02
  2.3564E-01  5.0545E+01  5.0545E+01  1.4096E+02
  2.3603E-01  5.1084E+01  5.1084E+01  1.4254E+02
  2.3641E-01  5.1459E+01  5.1459E+01  1.4365E+02
  2.3680E-01  5.1665E+01  5.1665E+01  1.4429E+02
  2.3718E-01  5.1700E+01  5.1700E+01  1.4444E+02
  2.3756E-01  5.1560E+01  5.1560E+01  1.4410E+02
  2.3795E-01  5.1247E+01  5.1247E+01  1.4327E+02
  2.3833E-01  5.0763E+01  5.0763E+01  1.4197E+02
  2.3871E-01  5.0112E+01  5.0112E+01  1.4019E+02
  2.3910E-01  4.9298E+01  4.9298E+01  1.3796E+02
  2.3948E-01  4.8331E+01  4.8331E+01  1.3531E+02
  2.3987E-01  4.7221E+01  4.7221E+01  1.3225E+02
  2.4025E-01  4.5979E+01  4.5979E+01  1.2883E+02
  2.4063E-01  4.4622E+01  4.4622E+01  1.2509E+02
  2.4102E-01  4.3166E+01  4.3166E+01  1.2108E+02
  2.4140E-01  4.1631E+01  4.1631E+01  1.1686E+02
  2.4178E-01  4.0041E+01  4.0041E+01  1.1248E+02
  2.4217E-01  3.8422E+01  3.8422E+01  1.0803E+02
  2.4255E-01  3.6804E+01  3.6804E+01  1.0359E+02
  2.4294E-01  3.5220E+01  3.5220E+01  9.9253E+01
  2.4332E-01  3.3706E+01  3.3706E+01  9.5121E+01
  2.4370E-01  3.2305E+01  3.2305E+01  9.1311E+01
  2.4409E-01  3.1062E+01  3.1062E+01  8.7952E+01
  2.4447E-01  3.0026E+01  3.0026E+01  8.5185E+01
  2.4485E-01  2.9254E+01  2.9254E+01  8.3166E+01
  2.4524E-01  2.8805E+01  2.8805E+01  8.2064E+01
  2.4562E-01  2.8745E+01  2.8745E+01  8.2066E+01
  2.4601E-01  2.9146E+01  2.9146E+01  8.3374E+01
  2.4639E-01  3.0046E+01  3.0046E+01  8.6098E+01
  2.4677E-01  3.0753E+01  3.0753E+01  8.8272E+01
  2.4716E-01  3.1500E+01  3.1500E+01  9.0557E+01
  2.4754E-01  3.2270E+01  3.2270E+01  9.2905E+01
  2.4792E-01  3.3131E+01  3.3131E+01  9.5511E+01
  2.4831E-01  3.4338E+01  3.4338E+01  9.9100E+01
  2.4869E-01  3.5517E+01  3.5517E+01  1.0260E+02
  2.4907E-01  3.6651E+01  3.6651E+01  1.0597E+02
  2.4946E-01  3.7724E+01  3.7724E+01  1.0915E+02
  2.4984E-01  3.8719E+01  3.8719E+01  1.1210E+02
  2.5023E-01  3.9620E+01  3.9620E+01  1.1477E+02
  2.5061E-01  4.0414E+01  4.0414E+01  1.1712E+02
  2.5099E-01  4.1089E+01  4.1089E+01  1.1911E+02
  2.5138E-01  4.1633E+01  4.1633E+01  1.2072E+02
  2.5176E-01  4.2038E+01  4.2038E+01  1.2193E+02
  2.5214E-01  4.2299E+01  4.2299E+01  1.2270E+02
  2.5253E-01  4.2411E+01  4.2411E+01  1.2304E+02
  2.5291E-01  4.2373E+01  4.2373E+01  1.2294E+02
  2.5330E-01  4.2188E+01  4.2188E+01  1.2240E+02
  2.5368E-01  4.1858E+01  4.1858E+01  1.2145E+02
  2.5406E-01  4.1393E+01  4.1393E+01  1.2009E+02
  2.5445E-01  4.0800E+01  4.0800E+01  1.1837E+02
  2.5483E-01  4.0094E+01  4.0094E+01  1.1631E+02
  2.5521E-01  3.9289E+01  3.9289E+01  1.1397E+02
  2.5560E-01  3.8402E+01  3.8402E+01  1.1138E+02
  2.5598E-01  3.7451E+01  3.7451E+01  1.0862E+02
  2.5637E-01  3.6457E+01  3.6457E+01  1.0573E+02
  2.5675E-01  3.5441E+01  3.5441E+01  1.0278E+02
  2.5713E-01  3.4425E+01  3.4425E+01  9.9839E+01
  2.5752E-01  3.3429E+01  3.3429E+01  9.6959E+01
  2.5790E-01  3.2475E+01  3.2475E+01  9.4204E+01
  2.5828E-01  3.1582E+01  3.1582E+01  9.1632E+01
  2.5867E-01  3.0768E+01  3.0768E+01  8.9293E+01
  2.5905E-01  3.0046E+01  3.0046E+01  8.7229E+01
  2.5944E-01  2.9429E+01  2.9429E+01  8.5473E+01
  2.5982E-01  2.8923E+01  2.8923E+01  8.4045E+01
  2.6020E-01  2.8531E+01  2.8531E+01  8.2952E+01
  2.6059E-01  2.8251E+01  2.8251E+01  8.2188E+01
  2.6097E-01  2.8075E+01  2.8075E+01  8.1729E+01
  2.6135E-01  2.7992E+01  2.7992E+01  8.1537E+01
  2.6174E-01  2.7981E+01  2.7981E+01  8.1556E+01
  2.6212E-01  2.8019E+01  2.8019E+01  8.1717E+01
  2.6251E-01  2.8079E+01  2.8079E+01  8.1936E+01
  2.6289E-01  2.8129E+01  2.8129E+01  8.2121E+01
  2.6327E-01  2.8135E+01  2.8135E+01  8.2171E+01
  2.6366E-01  2.8063E+01  2.8063E+01  8.1989E+01
  2.6404E-01  2.7881E+01  2.7881E+01  8.1480E+01
  2.6442E-01  2.7563E+01  2.7563E+01  8.0570E+01
  2.6481E-01  2.7092E+01  2.7092E+01  7.9212E+01
  2.6519E-01  2.6466E+01  2.6466E+01  7.7400E+01
  2.6558E-01  2.5702E+01  2.5702E+01  7.5191E+01
  2.6596E-01  2.4846E+01  2.4846E+01  7.2721E+01
  2.6634E-01  2.3977E+01  2.3977E+01  7.0230E+01
  2.6673E-01  2.3220E+01  2.3220E+01  6.8094E+01
  2.6711E-01  2.1439E+01  2.1439E+01  6.3002E+01
  2.6749E-01  1.9661E+01  1.9661E+01  5.7949E+01
  2.6788E-01  1.9223E+01  1.9223E+01  5.6847E+01
  2.6826E-01  2.0688E+01  2.0688E+01  6.1352E+01
  2.6865E-01  1.6920E+01  1.6920E+01  5.0246E+01
  2.6903E-01  1.0476E+01  1.0476E+01  3.1110E+01
  2.6941E-01  4.0323E+00  4.0323E+00  1.1974E+01
  2.6980E-01  0.0000E+00  0.0000E+00  0.0000E+00
  2.7018E-01  0.0000E+00  0.0000E+00  0.0000E+00
  2.7056E-01  0.0000E+00  0.0000E+00  0.0000E+00
  2.7095E-01  0.0000E+00  0.0000E+00  0.0000E+00
  2.7133E-01  0.0000E+00  0.0000E+00  0.0000E+00
  2.7171E-01  0.0000E+00  0.0000E+00  0.0000E+00
  2.7210E-01  0.0000E+00  0.0000E+00  0.0000E+00
  2.7248E-01  0.0000E+00  0.0000E+00  0.0000E+00
  2.7287E-01  0.0000E+00  0.0000E+00  0.0000E+00
  2.7325E-01  0.0000E+00  0.0000E+00  0.0000E+00
  2.7363E-01  0.0000E+00  0.0000E+00  0.0000E+00
  2.7402E-01  0.0000E+00  0.0000E+00  0.0000E+00
  2.7440E-01  0.0000E+00  0.0000E+00  0.0000E+00
  2.7478E-01  0.0000E+00  0.0000E+00  0.0000E+00
  2.7517E-01  0.0000E+00  0.0000E+00  0.0000E+00
  2.7555E-01  0.0000E+00  0.0000E+00  0.0000E+00
  2.7594E-01  0.0000E+00  0.0000E+00  0.0000E+00
  2.7632E-01  0.0000E+00  0.0000E+00  0.0000E+00
  2.7670E-01  0.0000E+00  0.0000E+00  0.0000E+00
  2.7709E-01  0.0000E+00  0.0000E+00  0.0000E+00
  2.7747E-01  0.0000E+00  0.0000E+00  0.0000E+00
  2.7785E-01  0.0000E+00  0.0000E+00  0.0000E+00
  2.7824E-01  0.0000E+00  0.0000E+00  0.0000E+00
  2.7862E-01  0.0000E+00  0.0000E+00  0.0000E+00
  2.7901E-01  0.0000E+00  0.0000E+00  0.0000E+00
  2.7939E-01  0.0000E+00  0.0000E+00  0.0000E+00
  2.7977E-01  0.0000E+00  0.0000E+00  0.0000E+00
  2.8016E-01  0.0000E+00  0.0000E+00  0.0000E+00
  2.8054E-01  0.0000E+00  0.0000E+00  0.0000E+00
  2.8092E-01  0.0000E+00  0.0000E+00  0.0000E+00
  2.8131E-01  0.0000E+00  0.0000E+00  0.0000E+00
  2.8169E-01  0.0000E+00  0.0000E+00  0.0000E+00
  2.8208E-01  0.0000E+00  0.0000E+00  0.0000E+00
  2.8246E-01  0.0000E+00  0.0000E+00  0.0000E+00
  2.8284E-01  0.0000E+00  0.0000E+00  0.0000E+00
  2.8323E-01  0.0000E+00  0.0000E+00  0.0000E+00
  2.8361E-01  0.0000E+00  0.0000E+00  0.0000E+00
  2.8399E-01  0.0000E+00  0.0000E+00  0.0000E+00
  2.8438E-01  0.0000E+00  0.0000E+00  0.0000E+00
  2.8476E-01  0.0000E+00  0.0000E+00  0.0000E+00
  2.8515E-01  0.0000E+00  0.0000E+00  0.0000E+00
  2.8553E-01  0.0000E+00  0.0000E+00  0.0000E+00
  2.8591E-01  0.0000E+00  0.0000E+00  0.0000E+00
  2.8630E-01  0.0000E+00  0.0000E+00  0.0000E+00
  2.8668E-01  0.0000E+00  0.0000E+00  0.0000E+00
  2.8706E-01  0.0000E+00  0.0000E+00  0.0000E+00
  2.8745E-01  0.0000E+00  0.0000E+00  0.0000E+00
  2.8783E-01  0.0000E+00  0.0000E+00  0.0000E+00
  2.8822E-01  0.0000E+00  0.0000E+00  0.0000E+00
  2.8860E-01  0.0000E+00  0.0000E+00  0.0000E+00
  2.8898E-01  0.0000E+00  0.0000E+00  0.0000E+00
  2.8937E-01  0.0000E+00  0.0000E+00  0.0000E+00
  2.8975E-01  0.0000E+00  0.0000E+00  0.0000E+00
  2.9013E-01  0.0000E+00  0.0000E+00  0.0000E+00
  2.9052E-01  0.0000E+00  0.0000E+00  0.0000E+00
  2.9090E-01  0.0000E+00  0.0000E+00  0.0000E+00
  2.9129E-01  0.0000E+00  0.0000E+00  0.0000E+00
  2.9167E-01  0.0000E+00  0.0000E+00  0.0000E+00
  2.9205E-01  0.0000E+00  0.0000E+00  0.0000E+00
  2.9244E-01  0.0000E+00  0.0000E+00  0.0000E+00
  2.9282E-01  0.0000E+00  0.0000E+00  0.0000E+00
  2.9320E-01  0.0000E+00  0.0000E+00  0.0000E+00
  2.9359E-01  0.0000E+00  0.0000E+00  0.0000E+00
  2.9397E-01  0.0000E+00  0.0000E+00  0.0000E+00
  2.9435E-01  0.0000E+00  0.0000E+00  0.0000E+00
  2.9474E-01  0.0000E+00  0.0000E+00  0.0000E+00
  2.9512E-01  0.0000E+00  0.0000E+00  0.0000E+00
  2.9551E-01  0.0000E+00  0.0000E+00  0.0000E+00
  2.9589E-01  0.0000E+00  0.0000E+00  0.0000E+00
  2.9627E-01  0.0000E+00  0.0000E+00  0.0000E+00
  2.9666E-01  0.0000E+00  0.0000E+00  0.0000E+00
  2.9704E-01  0.0000E+00  0.0000E+00  0.0000E+00
  2.9742E-01  0.0000E+00  0.0000E+00  0.0000E+00
  2.9781E-01  0.0000E+00  0.0000E+00  0.0000E+00
  2.9819E-01  0.0000E+00  0.0000E+00  0.0000E+00
  2.9858E-01  0.0000E+00  0.0000E+00  0.0000E+00
  2.9896E-01  0.0000E+00  0.0000E+00  0.0000E+00
  2.9934E-01  0.0000E+00  0.0000E+00  0.0000E+00
  2.9973E-01  0.0000E+00  0.0000E+00  0.0000E+00
  3.0011E-01  0.0000E+00  0.0000E+00  0.0000E+00
  3.0049E-01  0.0000E+00  0.0000E+00  0.0000E+00
  3.0088E-01  0.0000E+00  0.0000E+00  0.0000E+00
  3.0126E-01  0.0000E+00  0.0000E+00  0.0000E+00
  3.0165E-01  0.0000E+00  0.0000E+00  0.0000E+00
  3.0203E-01  0.0000E+00  0.0000E+00  0.0000E+00
  3.0241E-01  0.0000E+00  0.0000E+00  0.0000E+00
  3.0280E-01  0.0000E+00  0.0000E+00  0.0000E+00
  3.0318E-01  0.0000E+00  0.0000E+00  0.0000E+00
  3.0356E-01  0.0000E+00  0.0000E+00  0.0000E+00
  3.0395E-01  0.0000E+00  0.0000E+00  0.0000E+00
  3.0433E-01  0.0000E+00  0.0000E+00  0.0000E+00
  3.0472E-01  0.0000E+00  0.0000E+00  0.0000E+00
  3.0510E-01  0.0000E+00  0.0000E+00  0.0000E+00
  3.0548E-01  0.0000E+00  0.0000E+00  0.0000E+00
  3.0587E-01  0.0000E+00  0.0000E+00  0.0000E+00
  3.0625E-01  0.0000E+00  0.0000E+00  0.0000E+00
  3.0663E-01  0.0000E+00  0.0000E+00  0.0000E+00
  3.0702E-01  0.0000E+00  0.0000E+00  0.0000E+00
  3.0740E-01  0.0000E+00  0.0000E+00  0.0000E+00
  3.0779E-01  0.0000E+00  0.0000E+00  0.0000E+00
  3.0817E-01  0.0000E+00  0.0000E+00  0.0000E+00
  3.0855E-01  0.0000E+00  0.0000E+00  0.0000E+00
  3.0894E-01  0.0000E+00  0.0000E+00  0.0000E+00
  3.0932E-01  0.0000E+00  0.0000E+00  0.0000E+00
  3.0970E-01  0.0000E+00  0.0000E+00  0.0000E+00
  3.1009E-01  0.0000E+00  0.0000E+00  0.0000E+00
  3.1047E-01  0.0000E+00  0.0000E+00  0.0000E+00
  3.1086E-01  0.0000E+00  0.0000E+00  0.0000E+00
  3.1124E-01  0.0000E+00  0.0000E+00  0.0000E+00
  3.1162E-01  0.0000E+00  0.0000E+00  0.0000E+00
  3.1201E-01  0.0000E+00  0.0000E+00  0.0000E+00
  3.1239E-01  0.0000E+00  0.0000E+00  0.0000E+00
  3.1277E-01  0.0000E+00  0.0000E+00  0.0000E+00
  3.1316E-01  0.0000E+00  0.0000E+00  0.0000E+00
  3.1354E-01  0.0000E+00  0.0000E+00  0.0000E+00
  3.1393E-01  0.0000E+00  0.0000E+00  0.0000E+00
  3.1431E-01  0.0000E+00  0.0000E+00  0.0000E+00
  3.1469E-01  0.0000E+00  0.0000E+00  0.0000E+00
  3.1508E-01  0.0000E+00  0.0000E+00  0.0000E+00
  3.1546E-01  0.0000E+00  0.0000E+00  0.0000E+00
  3.1584E-01  0.0000E+00  0.0000E+00  0.0000E+00
  3.1623E-01  0.0000E+00  0.0000E+00  0.0000E+00
  3.1661E-01  0.0000E+00  0.0000E+00  0.0000E+00
  3.1699E-01  0.0000E+00  0.0000E+00  0.0000E+00
  3.1738E-01  0.0000E+00  0.0000E+00  0.0000E+00
  3.1776E-01  0.0000E+00  0.0000E+00  0.0000E+00
  3.1815E-01  0.0000E+00  0.0000E+00  0.0000E+00
  3.1853E-01  0.0000E+00  0.0000E+00  0.0000E+00
  3.1891E-01  0.0000E+00  0.0000E+00  0.0000E+00
  3.1930E-01  0.0000E+00  0.0000E+00  0.0000E+00
  3.1968E-01  0.0000E+00  0.0000E+00  0.0000E+00
  3.2006E-01  0.0000E+00  0.0000E+00  0.0000E+00
  3.2045E-01  0.0000E+00  0.0000E+00  0.0000E+00
  3.2083E-01  0.0000E+00  0.0000E+00  0.0000E+00
  3.2122E-01  0.0000E+00  0.0000E+00  0.0000E+00
  3.2160E-01  0.0000E+00  0.0000E+00  0.0000E+00
  3.2198E-01  0.0000E+00  0.0000E+00  0.0000E+00
  3.2237E-01  0.0000E+00  0.0000E+00  0.0000E+00
  3.2275E-01  0.0000E+00  0.0000E+00  0.0000E+00
  3.2313E-01  0.0000E+00  0.0000E+00  0.0000E+00
  3.2352E-01  0.0000E+00  0.0000E+00  0.0000E+00
  3.2390E-01  0.0000E+00  0.0000E+00  0.0000E+00
  3.2429E-01  0.0000E+00  0.0000E+00  0.0000E+00
  3.2467E-01  0.0000E+00  0.0000E+00  0.0000E+00
  3.2505E-01  0.0000E+00  0.0000E+00  0.0000E+00
  3.2544E-01  0.0000E+00  0.0000E+00  0.0000E+00
  3.2582E-01  0.0000E+00  0.0000E+00  0.0000E+00
  3.2620E-01  0.0000E+00  0.0000E+00  0.0000E+00
  3.2659E-01  0.0000E+00  0.0000E+00  0.0000E+00
  3.2697E-01  0.0000E+00  0.0000E+00  0.0000E+00
  3.2736E-01  0.0000E+00  0.0000E+00  0.0000E+00
  3.2774E-01  0.0000E+00  0.0000E+00  0.0000E+00
  3.2812E-01  0.0000E+00  0.0000E+00  0.0000E+00
  3.2851E-01  0.0000E+00  0.0000E+00  0.0000E+00
  3.2889E-01  0.0000E+00  0.0000E+00  0.0000E+00
  3.2927E-01  0.0000E+00  0.0000E+00  0.0000E+00
  3.2966E-01  0.0000E+00  0.0000E+00  0.0000E+00
  3.3004E-01  0.0000E+00  0.0000E+00  0.0000E+00
  3.3043E-01  0.0000E+00  0.0000E+00  0.0000E+00
  3.3081E-01  0.0000E+00  0.0000E+00  0.0000E+00
  3.3119E-01  0.0000E+00  0.0000E+00  0.0000E+00
  3.3158E-01  0.0000E+00  0.0000E+00  0.0000E+00
  3.3196E-01  0.0000E+00  0.0000E+00  0.0000E+00
  3.3234E-01  0.0000E+00  0.0000E+00  0.0000E+00
  3.3273E-01  0.0000E+00  0.0000E+00  0.0000E+00
  3.3311E-01  4.5902E-02  4.5902E-02  8.4929E-02
  3.3350E-01  1.1609E-01  1.1609E-01  2.1480E-01
  3.3388E-01  1.8629E-01  1.8629E-01  3.4467E-01
  3.3426E-01  2.5648E-01  2.5648E-01  4.7454E-01
  3.3465E-01  3.2667E-01  3.2667E-01  6.0442E-01
  3.3503E-01  3.9686E-01  3.9686E-01  7.3429E-01
  3.3541E-01  4.6705E-01  4.6705E-01  8.6416E-01
  3.3580E-01  5.3724E-01  5.3724E-01  9.9403E-01
  3.3618E-01  6.0744E-01  6.0744E-01  1.1239E+00
  3.3657E-01  6.7763E-01  6.7763E-01  1.2538E+00
  3.3695E-01  7.4782E-01  7.4782E-01  1.3836E+00
  3.3733E-01  8.1801E-01  8.1801E-01  1.5135E+00
  3.3772E-01  8.8820E-01  8.8820E-01  1.6434E+00
  3.3810E-01  9.4766E-01  9.4766E-01  1.7539E+00
  3.3848E-01  9.8243E-01  9.8243E-01  1.8188E+00
  3.3887E-01  1.0171E+00  1.0171E+00  1.8822E+00
  3.3925E-01  1.0516E+00  1.0516E+00  1.9441E+00
  3.3963E-01  1.0860E+00  1.0860E+00  2.0046E+00
  3.4002E-01  1.1202E+00  1.1202E+00  2.0640E+00
  3.4040E-01  1.1544E+00  1.1544E+00  2.1223E+00
  3.4079E-01  1.1884E+00  1.1884E+00  2.1796E+00
  3.4117E-01  1.2222E+00  1.2222E+00  2.2360E+00
  3.4155E-01  1.2559E+00  1.2559E+00  2.2917E+00
  3.4194E-01  1.2895E+00  1.2895E+00  2.3466E+00
  3.4232E-01  1.3229E+00  1.3229E+00  2.4009E+00
  3.4270E-01  1.3561E+00  1.3561E+00  2.4545E+00
  3.4309E-01  1.3891E+00  1.3891E+00  2.5077E+00
  3.4347E-01  1.4219E+00  1.4219E+00  2.5603E+00
  3.4386E-01  1.4545E+00  1.4545E+00  2.6125E+00
  3.4424E-01  1.4869E+00  1.4869E+00  2.6643E+00
  3.4462E-01  1.5190E+00  1.5190E+00  2.7157E+00
  3.4501E-01  1.5509E+00  1.5509E+00  2.7667E+00
  3.4539E-01  1.5826E+00  1.5826E+00  2.8174E+00
  3.4577E-01  1.6140E+00  1.6140E+00  2.8678E+00
  3.4616E-01  1.6451E+00  1.6451E+00  2.9179E+00
  3.4654E-01  1.6759E+00  1.6759E+00  2.9677E+00
  3.4693E-01  1.7064E+00  1.7064E+00  3.0172E+00
  3.4731E-01  1.7366E+00  1.7366E+00  3.0664E+00
  3.4769E-01  1.7665E+00  1.7665E+00  3.1154E+00
  3.4808E-01  1.7961E+00  1.7961E+00  3.1640E+00
  3.4846E-01  1.8253E+00  1.8253E+00  3.2124E+00
  3.4884E-01  1.8542E+00  1.8542E+00  3.2605E+00
  3.4923E-01  1.8827E+00  1.8827E+00  3.3083E+00
  3.4961E-01  1.9109E+00  1.9109E+00  3.3559E+00
  3.5000E-01  1.9387E+00  1.9387E+00  3.4031E+00
  3.5038E-01  1.9661E+00  1.9661E+00  3.4500E+00
  3.5076E-01  1.9931E+00  1.9931E+00  3.4966E+00
  3.5115E-01  2.0197E+00  2.0197E+00  3.5429E+00
  3.5153E-01  2.0460E+00  2.0460E+00  3.5888E+00
  3.5191E-01  2.0719E+00  2.0719E+00  3.6344E+00
  3.5230E-01  2.0973E+00  2.0973E+00  3.6797E+00
  3.5268E-01  2.1224E+00  2.1224E+00  3.7246E+00
  3.5307E-01  2.1471E+00  2.1471E+00  3.7691E+00
  3.5345E-01  2.1713E+00  2.1713E+00  3.8132E+00
  3.5383E-01  2.1952E+00  2.1952E+00  3.8569E+00
  3.5422E-01  2.2187E+00  2.2187E+00  3.9002E+00
  3.5460E-01  2.2417E+00  2.2417E+00  3.9431E+00
  3.5498E-01  2.2644E+00  2.2644E+00  3.9856E+00
  3.5537E-01  2.2867E+00  2.2867E+00  4.0277E+00
  3.5575E-01  2.3086E+00  2.3086E+00  4.0693E+00
  3.5614E-01  2.3301E+00  2.3301E+00  4.1105E+00
  3.5652E-01  2.3512E+00  2.3512E+00  4.1513E+00
  3.5690E-01  2.3719E+00  2.3719E+00  4.1916E+00
  3.5729E-01  2.3923E+00  2.3923E+00  4.2315E+00
  3.5767E-01  2.4123E+00  2.4123E+00  4.2709E+00
  3.5805E-01  2.4319E+00  2.4319E+00  4.3098E+00
  3.5844E-01  2.4512E+00  2.4512E+00  4.3483E+00
  3.5882E-01  2.4702E+00  2.4702E+00  4.3863E+00
  3.5921E-01  2.4888E+00  2.4888E+00  4.4239E+00
  3.5959E-01  2.5071E+00  2.5071E+00  4.4610E+00
  3.5997E-01  2.5251E+00  2.5251E+00  4.4977E+00
  3.6036E-01  2.5427E+00  2.5427E+00  4.5339E+00
  3.6074E-01  2.5601E+00  2.5601E+00  4.5697E+00
  3.6112E-01  2.5772E+00  2.5772E+00  4.6050E+00
  3.6151E-01  2.5940E+00  2.5940E+00  4.6400E+00
  3.6189E-01  2.6105E+00  2.6105E+00  4.6744E+00
  3.6227E-01  2.6268E+00  2.6268E+00  4.7085E+00
  3.6266E-01  2.6428E+00  2.6428E+00  4.7422E+00
  3.6304E-01  2.6586E+00  2.6586E+00  4.7754E+00
  3.6343E-01  2.6742E+00  2.6742E+00  4.8083E+00
  3.6381E-01  2.6896E+00  2.6896E+00  4.8408E+00
  3.6419E-01  2.7048E+00  2.7048E+00  4.8729E+00
  3.6458E-01  2.7198E+00  2.7198E+00  4.9046E+00
  3.6496E-01  2.7346E+00  2.7346E+00  4.9361E+00
  3.6534E-01  2.7493E+00  2.7493E+00  4.9672E+00
  3.6573E-01  2.7639E+00  2.7639E+00  4.9979E+00
  3.6611E-01  2.7783E+00  2.7783E+00  5.0284E+00
  3.6650E-01  2.7926E+00  2.7926E+00  5.0586E+00
  3.6688E-01  2.8068E+00  2.8068E+00  5.0885E+00
  3.6726E-01  2.8209E+00  2.8209E+00  5.1182E+00
  3.6765E-01  2.8349E+00  2.8349E+00  5.1476E+00
  3.6803E-01  2.8488E+00  2.8488E+00  5.1768E+00
  3.6841E-01  2.8628E+00  2.8628E+00  5.2058E+00
  3.6880E-01  2.8766E+00  2.8766E+00  5.2346E+00
  3.6918E-01  2.8905E+00  2.8905E+00  5.2632E+00
  3.6957E-01  2.9043E+00  2.9043E+00  5.2917E+00
  3.6995E-01  2.9181E+00  2.9181E+00  5.3200E+00
  3.7033E-01  2.9319E+00  2.9319E+00  5.3483E+00
  3.7072E-01  2.9458E+00  2.9458E+00  5.3764E+00
  3.7110E-01  2.9596E+00  2.9596E+00  5.4044E+00
  3.7148E-01  2.9736E+00  2.9736E+00  5.4324E+00
  3.7187E-01  2.9876E+00  2.9876E+00  5.4604E+00
  3.7225E-01  3.0016E+00  3.0016E+00  5.4883E+00
  3.7264E-01  3.0157E+00  3.0157E+00  5.5162E+00
  3.7302E-01  3.0299E+00  3.0299E+00  5.5441E+00
  3.7340E-01  3.0442E+00  3.0442E+00  5.5720E+00
  3.7379E-01  3.0586E+00  3.0586E+00  5.5999E+00
  3.7417E-01  3.0732E+00  3.0732E+00  5.6280E+00
  3.7455E-01  3.0878E+00  3.0878E+00  5.6561E+00
  3.7494E-01  3.1026E+00  3.1026E+00  5.6843E+00
  3.7532E-01  3.1175E+00  3.1175E+00  5.7126E+00
  3.7571E-01  3.1326E+00  3.1326E+00  5.7410E+00
  3.7609E-01  3.1478E+00  3.1478E+00  5.7695E+00
  3.7647E-01  3.1632E+00  3.1632E+00  5.7982E+00
  3.7686E-01  3.1787E+00  3.1787E+00  5.8271E+00
  3.7724E-01  3.1945E+00  3.1945E+00  5.8562E+00
  3.7762E-01  3.2104E+00  3.2104E+00  5.8854E+00
  3.7801E-01  3.2265E+00  3.2265E+00  5.9149E+00
  3.7839E-01  3.2428E+00  3.2428E+00  5.9446E+00
  3.7878E-01  3.2593E+00  3.2593E+00  5.9745E+00
  3.7916E-01  3.2760E+00  3.2760E+00  6.0047E+00
  3.7954E-01  3.2929E+00  3.2929E+00  6.0351E+00
  3.7993E-01  3.3100E+00  3.3100E+00  6.0658E+00
  3.8031E-01  3.3273E+00  3.3273E+00  6.0967E+00
  3.8069E-01  3.3448E+00  3.3448E+00  6.1280E+00
  3.8108E-01  3.3626E+00  3.3626E+00  6.1595E+00
  3.8146E-01  3.3805E+00  3.3805E+00  6.1913E+00
  3.8185E-01  3.3987E+00  3.3987E+00  6.2235E+00
  3.8223E-01  3.4171E+00  3.4171E+00  6.2559E+00
  3.8261E-01  3.4357E+00  3.4357E+00  6.2887E+00
  3.8300E-01  3.4546E+00  3.4546E+00  6.3218E+00
  3.8338E-01  3.4736E+00  3.4736E+00  6.3553E+00
  3.8376E-01  3.4929E+00  3.4929E+00  6.3890E+00
  3.8415E-01  3.5124E+00  3.5124E+00  6.4232E+00
  3.8453E-01  3.5321E+00  3.5321E+00  6.4576E+00
  3.8491E-01  3.5520E+00  3.5520E+00  6.4924E+00
  3.8530E-01  3.5721E+00  3.5721E+00  6.5276E+00
  3.8568E-01  3.5925E+00  3.5925E+00  6.5630E+00
  3.8607E-01  3.6130E+00  3.6130E+00  6.5989E+00
  3.8645E-01  3.6338E+00  3.6338E+00  6.6350E+00
  3.8683E-01  3.6547E+00  3.6547E+00  6.6716E+00
  3.8722E-01  3.6758E+00  3.6758E+00  6.7084E+00
  3.8760E-01  3.6972E+00  3.6972E+00  6.7456E+00
  3.8798E-01  3.7187E+00  3.7187E+00  6.7831E+00
  3.8837E-01  3.7403E+00  3.7403E+00  6.8210E+00
  3.8875E-01  3.7622E+00  3.7622E+00  6.8592E+00
  3.8914E-01  3.7842E+00  3.7842E+00  6.8977E+00
  3.8952E-01  3.8064E+00  3.8064E+00  6.9365E+00
  3.8990E-01  3.8287E+00  3.8287E+00  6.9756E+00
  3.9029E-01  3.8512E+00  3.8512E+00  7.0151E+00
  3.9067E-01  3.8738E+00  3.8738E+00  7.0548E+00
  3.9105E-01  3.8966E+00  3.8966E+00  7.0948E+00
  3.9144E-01  3.9195E+00  3.9195E+00  7.1351E+00
  3.9182E-01  3.9425E+00  3.9425E+00  7.1757E+00
  3.9221E-01  3.9656E+00  3.9656E+00  7.2165E+00
  3.9259E-01  3.9888E+00  3.9888E+00  7.2576E+00
  3.9297E-01  4.0121E+00  4.0121E+00  7.2989E+00
  3.9336E-01  4.0355E+00  4.0355E+00  7.3404E+00
  3.9374E-01  4.0590E+00  4.0590E+00  7.3822E+00
  3.9412E-01  4.0825E+00  4.0825E+00  7.4242E+00
  3.9451E-01  4.1061E+00  4.1061E+00  7.4663E+00
  3.9489E-01  4.1298E+00  4.1298E+00  7.5087E+00
  3.9528E-01  4.1535E+00  4.1535E+00  7.5512E+00
  3.9566E-01  4.1772E+00  4.1772E+00  7.5939E+00
  3.9604E-01  4.2010E+00  4.2010E+00  7.6367E+00
  3.9643E-01  4.2248E+00  4.2248E+00  7.6796E+00
  3.9681E-01  4.2486E+00  4.2486E+00  7.7227E+00
  3.9719E-01  4.2723E+00  4.2723E+00  7.7659E+00
  3.9758E-01  4.2961E+00  4.2961E+00  7.8091E+00
  3.9796E-01  4.3199E+00  4.3199E+00  7.8525E+00
  3.9835E-01  4.3436E+00  4.3436E+00  7.8959E+00
  3.9873E-01  4.3673E+00  4.3673E+00  7.9393E+00
  3.9911E-01  4.3909E+00  4.3909E+00  7.9828E+00
  3.9950E-01  4.4145E+00  4.4145E+00  8.0262E+00
  3.9988E-01  4.4380E+00  4.4380E+00  8.0697E+00
  4.0026E-01  4.4615E+00  4.4615E+00  8.1132E+00
  4.0065E-01  4.4849E+00  4.4849E+00  8.1566E+00
  4.0103E-01  4.5081E+00  4.5081E+00  8.2000E+00
  4.0142E-01  4.5313E+00  4.5313E+00  8.2434E+00
  4.0180E-01  4.5544E+00  4.5544E+00  8.2867E+00
  4.0218E-01  4.5773E+00  4.5773E+00  8.3298E+00
  4.0257E-01  4.6002E+00  4.6002E+00  8.3729E+00
  4.0295E-01  4.6229E+00  4.6229E+00  8.4159E+00
  4.0333E-01  4.6454E+00  4.6454E+00  8.4587E+00
  4.0372E-01  4.6678E+00  4.6678E+00  8.5014E+00
  4.0410E-01  4.6901E+00  4.6901E+00  8.5440E+00
  4.0449E-01  4.7122E+00  4.7122E+00  8.5863E+00
  4.0487E-01  4.7341E+00  4.7341E+00  8.6285E+00
  4.0525E-01  4.7559E+00  4.7559E+00  8.6705E+00
  4.0564E-01  4.7775E+00  4.7775E+00  8.7123E+00
  4.0602E-01  4.7989E+00  4.7989E+00  8.7538E+00
  4.0640E-01  4.8201E+00  4.8201E+00  8.7951E+00
  4.0679E-01  4.8411E+00  4.8411E+00  8.8362E+00
  4.0717E-01  4.8619E+00  4.8619E+00  8.8770E+00
  4.0755E-01  4.8825E+00  4.8825E+00  8.9175E+00
  4.0794E-01  4.9028E+00  4.9028E+00  8.9578E+00
  4.0832E-01  4.9230E+00  4.9230E+00  8.9978E+00
  4.0871E-01  4.9429E+00  4.9429E+00  9.0374E+00
  4.0909E-01  4.9627E+00  4.9627E+00  9.0768E+00
  4.0947E-01  4.9821E+00  4.9821E+00  9.1158E+00
  4.0986E-01  5.0014E+00  5.0014E+00  9.1546E+00
  4.1024E-01  5.0204E+00  5.0204E+00  9.1929E+00
  4.1062E-01  5.0392E+00  5.0392E+00  9.2310E+00
  4.1101E-01  5.0578E+00  5.0578E+00  9.2687E+00
  4.1139E-01  5.0761E+00  5.0761E+00  9.3060E+00
  4.1178E-01  5.0941E+00  5.0941E+00  9.3429E+00
  4.1216E-01  5.1119E+00  5.1119E+00  9.3796E+00
  4.1254E-01  5.1295E+00  5.1295E+00  9.4158E+00
  4.1293E-01  5.1469E+00  5.1469E+00  9.4516E+00
  4.1331E-01  5.1640E+00  5.1640E+00  9.4871E+00
  4.1369E-01  5.1808E+00  5.1808E+00  9.5222E+00
  4.1408E-01  5.1974E+00  5.1974E+00  9.5569E+00
  4.1446E-01  5.2138E+00  5.2138E+00  9.5912E+00
  4.1485E-01  5.2299E+00  5.2299E+00  9.6251E+00
  4.1523E-01  5.2458E+00  5.2458E+00  9.6587E+00
  4.1561E-01  5.2614E+00  5.2614E+00  9.6918E+00
  4.1600E-01  5.2769E+00  5.2769E+00  9.7246E+00
  4.1638E-01  5.2921E+00  5.2921E+00  9.7570E+00
  4.1676E-01  5.3070E+00  5.3070E+00  9.7890E+00
  4.1715E-01  5.3218E+00  5.3218E+00  9.8206E+00
  4.1753E-01  5.3363E+00  5.3363E+00  9.8518E+00
  4.1792E-01  5.3506E+00  5.3506E+00  9.8826E+00
  4.1830E-01  5.3647E+00  5.3647E+00  9.9131E+00
  4.1868E-01  5.3786E+00  5.3786E+00  9.9432E+00
  4.1907E-01  5.3923E+00  5.3923E+00  9.9730E+00
  4.1945E-01  5.4058E+00  5.4058E+00  1.0002E+01
  4.1983E-01  5.4191E+00  5.4191E+00  1.0031E+01
  4.2022E-01  5.4322E+00  5.4322E+00  1.0060E+01
  4.2060E-01  5.4452E+00  5.4452E+00  1.0088E+01
  4.2099E-01  5.4580E+00  5.4580E+00  1.0117E+01
  4.2137E-01  5.4706E+00  5.4706E+00  1.0144E+01
  4.2175E-01  5.4831E+00  5.4831E+00  1.0172E+01
  4.2214E-01  5.4954E+00  5.4954E+00  1.0199E+01
  4.2252E-01  5.5076E+00  5.5076E+00  1.0226E+01
  4.2290E-01  5.5197E+00  5.5197E+00  1.0252E+01
  4.2329E-01  5.5317E+00  5.5317E+00  1.0279E+01
  4.2367E-01  5.5435E+00  5.5435E+00  1.0305E+01
  4.2406E-01  5.5553E+00  5.5553E+00  1.0330E+01
  4.2444E-01  5.5669E+00  5.5669E+00  1.0356E+01
  4.2482E-01  5.5785E+00  5.5785E+00  1.0381E+01
  4.2521E-01  5.5900E+00  5.5900E+00  1.0407E+01
  4.2559E-01  5.6015E+00  5.6015E+00  1.0432E+01
  4.2597E-01  5.6129E+00  5.6129E+00  1.0457E+01
  4.2636E-01  5.6242E+00  5.6242E+00  1.0481E+01
  4.2674E-01  5.6356E+00  5.6356E+00  1.0506E+01
  4.2713E-01  5.6469E+00  5.6469E+00  1.0530E+01
  4.2751E-01  5.6582E+00  5.6582E+00  1.0555E+01
  4.2789E-01  5.6696E+00  5.6696E+00  1.0579E+01
  4.2828E-01  5.6809E+00  5.6809E+00  1.0603E+01
  4.2866E-01  5.6923E+00  5.6923E+00  1.0627E+01
  4.2904E-01  5.7037E+00  5.7037E+00  1.0652E+01
  4.2943E-01  5.7152E+00  5.7152E+00  1.0676E+01
  4.2981E-01  5.7267E+00  5.7267E+00  1.0700E+01
  4.3019E-01  5.7383E+00  5.7383E+00  1.0724E+01
  4.3058E-01  5.7500E+00  5.7500E+00  1.0749E+01
  4.3096E-01  5.7618E+00  5.7618E+00  1.0773E+01
  4.3135E-01  5.7737E+00  5.7737E+00  1.0797E+01
  4.3173E-01  5.7858E+00  5.7858E+00  1.0822E+01
  4.3211E-01  5.7980E+00  5.7980E+00  1.0846E+01
  4.3250E-01  5.8103E+00  5.8103E+00  1.0871E+01
  4.3288E-01  5.8228E+00  5.8228E+00  1.0896E+01
  4.3326E-01  5.8354E+00  5.8354E+00  1.0921E+01
  4.3365E-01  5.8483E+00  5.8483E+00  1.0947E+01
  4.3403E-01  5.8613E+00  5.8613E+00  1.0973E+01
  4.3442E-01  5.8746E+00  5.8746E+00  1.0998E+01
  4.3480E-01  5.8881E+00  5.8881E+00  1.1025E+01
  4.3518E-01  5.9018E+00  5.9018E+00  1.1051E+01
  4.3557E-01  5.9158E+00  5.9158E+00  1.1078E+01
  4.3595E-01  5.9300E+00  5.9300E+00  1.1105E+01
  4.3633E-01  5.9445E+00  5.9445E+00  1.1132E+01
  4.3672E-01  5.9593E+00  5.9593E+00  1.1160E+01
  4.3710E-01  5.9743E+00  5.9743E+00  1.1188E+01
  4.3749E-01  5.9897E+00  5.9897E+00  1.1217E+01
  4.3787E-01  6.0053E+00  6.0053E+00  1.1246E+01
  4.3825E-01  6.0213E+00  6.0213E+00  1.1275E+01
  4.3864E-01  6.0377E+00  6.0377E+00  1.1305E+01
  4.3902E-01  6.0543E+00  6.0543E+00  1.1336E+01
  4.3940E-01  6.0713E+00  6.0713E+00  1.1367E+01
  4.3979E-01  6.0887E+00  6.0887E+00  1.1398E+01
  4.4017E-01  6.1065E+00  6.1065E+00  1.1430E+01
  4.4056E-01  6.1246E+00  6.1246E+00  1.1463E+01
  4.4094E-01  6.1431E+00  6.1431E+00  1.1496E+01
  4.4132E-01  6.1620E+00  6.1620E+00  1.1529E+01
  4.4171E-01  6.1813E+00  6.1813E+00  1.1564E+01
  4.4209E-01  6.2010E+00  6.2010E+00  1.1599E+01
  4.4247E-01  6.2129E+00  6.2129E+00  1.1612E+01
  4.4286E-01  6.2051E+00  6.2051E+00  1.1572E+01
  4.4324E-01  6.1977E+00  6.1977E+00  1.1533E+01
  4.4363E-01  6.1908E+00  6.1908E+00  1.1495E+01
  4.4401E-01  6.1843E+00  6.1843E+00  1.1457E+01
  4.4439E-01  6.1782E+00  6.1782E+00  1.1420E+01
  4.4478E-01  6.1726E+00  6.1726E+00  1.1383E+01
  4.4516E-01  6.1674E+00  6.1674E+00  1.1347E+01
  4.4554E-01  6.1627E+00  6.1627E+00  1.1312E+01
  4.4593E-01  6.1542E+00  6.1542E+00  1.1270E+01
  4.4631E-01  6.1332E+00  6.1332E+00  1.1208E+01
  4.4670E-01  6.1352E+00  6.1352E+00  1.1199E+01
  4.4708E-01  6.1571E+00  6.1571E+00  1.1235E+01
  4.4746E-01  6.1963E+00  6.1963E+00  1.1310E+01
  4.4785E-01  6.2503E+00  6.2503E+00  1.1418E+01
  4.4823E-01  6.3169E+00  6.3169E+00  1.1555E+01
  4.4861E-01  6.3939E+00  6.3939E+00  1.1716E+01
  4.4900E-01  6.4795E+00  6.4795E+00  1.1895E+01
  4.4938E-01  6.5721E+00  6.5721E+00  1.2090E+01
  4.4977E-01  6.6699E+00  6.6699E+00  1.2297E+01
  4.5015E-01  6.7718E+00  6.7718E+00  1.2512E+01
  4.5053E-01  6.8764E+00  6.8764E+00  1.2733E+01
  4.5092E-01  6.9826E+00  6.9826E+00  1.2957E+01
  4.5130E-01  7.0895E+00  7.0895E+00  1.3183E+01
  4.5168E-01  7.1962E+00  7.1962E+00  1.3407E+01
  4.5207E-01  7.3019E+00  7.3019E+00  1.3628E+01
  4.5245E-01  7.4060E+00  7.4060E+00  1.3845E+01
  4.5283E-01  7.5079E+00  7.5079E+00  1.4057E+01
  4.5322E-01  7.6072E+00  7.6072E+00  1.4262E+01
  4.5360E-01  7.7034E+00  7.7034E+00  1.4460E+01
  4.5399E-01  7.7963E+00  7.7963E+00  1.4650E+01
  4.5437E-01  7.8856E+00  7.8856E+00  1.4830E+01
  4.5475E-01  7.9710E+00  7.9710E+00  1.5002E+01
  4.5514E-01  8.0526E+00  8.0526E+00  1.5164E+01
  4.5552E-01  8.1301E+00  8.1301E+00  1.5317E+01
  4.5590E-01  8.2036E+00  8.2036E+00  1.5460E+01
  4.5629E-01  8.2730E+00  8.2730E+00  1.5593E+01
  4.5667E-01  8.3384E+00  8.3384E+00  1.5716E+01
  4.5706E-01  8.3999E+00  8.3999E+00  1.5830E+01
  4.5744E-01  8.4576E+00  8.4576E+00  1.5936E+01
  4.5782E-01  8.5115E+00  8.5115E+00  1.6032E+01
  4.5821E-01  8.5619E+00  8.5619E+00  1.6120E+01
  4.5859E-01  8.6089E+00  8.6089E+00  1.6199E+01
  4.5897E-01  8.6528E+00  8.6528E+00  1.6272E+01
  4.5936E-01  8.6936E+00  8.6936E+00  1.6337E+01
  4.5974E-01  8.7317E+00  8.7317E+00  1.6395E+01
  4.6013E-01  8.7672E+00  8.7672E+00  1.6448E+01
  4.6051E-01  8.8003E+00  8.8003E+00  1.6495E+01
  4.6089E-01  8.8314E+00  8.8314E+00  1.6537E+01
  4.6128E-01  8.8606E+00  8.8606E+00  1.6575E+01
  4.6166E-01  8.8881E+00  8.8881E+00  1.6608E+01
  4.6204E-01  8.9142E+00  8.9142E+00  1.6639E+01
  4.6243E-01  8.9391E+00  8.9391E+00  1.6666E+01
  4.6281E-01  8.9631E+00  8.9631E+00  1.6692E+01
  4.6320E-01  8.9863E+00  8.9863E+00  1.6715E+01
  4.6358E-01  9.0090E+00  9.0090E+00  1.6738E+01
  4.6396E-01  9.0313E+00  9.0313E+00  1.6760E+01
  4.6435E-01  9.0535E+00  9.0535E+00  1.6781E+01
  4.6473E-01  9.0758E+00  9.0758E+00  1.6803E+01
  4.6511E-01  9.0983E+00  9.0983E+00  1.6826E+01
  4.6550E-01  9.1213E+00  9.1213E+00  1.6849E+01
  4.6588E-01  9.1448E+00  9.1448E+00  1.6874E+01
  4.6627E-01  9.1689E+00  9.1689E+00  1.6901E+01
  4.6665E-01  9.1940E+00  9.1940E+00  1.6930E+01
  4.6703E-01  9.2200E+00  9.2200E+00  1.6961E+01
  4.6742E-01  9.2471E+00  9.2471E+00  1.6996E+01
  4.6780E-01  9.2753E+00  9.2753E+00  1.7033E+01
  4.6818E-01  9.3049E+00  9.3049E+00  1.7073E+01
  4.6857E-01  9.3358E+00  9.3358E+00  1.7117E+01
  4.6895E-01  9.3680E+00  9.3680E+00  1.7164E+01
  4.6934E-01  9.4018E+00  9.4018E+00  1.7215E+01
  4.6972E-01  9.4371E+00  9.4371E+00  1.7270E+01
  4.7010E-01  9.4738E+00  9.4738E+00  1.7329E+01
  4.7049E-01  9.5122E+00  9.5122E+00  1.7392E+01
  4.7087E-01  9.5521E+00  9.5521E+00  1.7459E+01
  4.7125E-01  9.5935E+00  9.5935E+00  1.7530E+01
  4.7164E-01  9.6365E+00  9.6365E+00  1.7604E+01
  4.7202E-01  9.6810E+00  9.6810E+00  1.7683E+01
  4.7241E-01  9.7270E+00  9.7270E+00  1.7766E+01
  4.7279E-01  9.7745E+00  9.7745E+00  1.7853E+01
  4.7317E-01  9.8233E+00  9.8233E+00  1.7943E+01
  4.7356E-01  9.8734E+00  9.8734E+00  1.8037E+01
  4.7394E-01  9.9248E+00  9.9248E+00  1.8134E+01
  4.7432E-01  9.9774E+00  9.9774E+00  1.8235E+01
  4.7471E-01  1.0031E+01  1.0031E+01  1.8338E+01
  4.7509E-01  1.0086E+01  1.0086E+01  1.8445E+01
  4.7547E-01  1.0141E+01  1.0141E+01  1.8554E+01
  4.7586E-01  1.0198E+01  1.0198E+01  1.8666E+01
  4.7624E-01  1.0255E+01  1.0255E+01  1.8780E+01
  4.7663E-01  1.0313E+01  1.0313E+01  1.8896E+01
  4.7701E-01  1.0371E+01  1.0371E+01  1.9014E+01
  4.7739E-01  1.0429E+01  1.0429E+01  1.9134E+01
  4.7778E-01  1.0488E+01  1.0488E+01  1.9254E+01
  4.7816E-01  1.0547E+01  1.0547E+01  1.9376E+01
  4.7854E-01  1.0606E+01  1.0606E+01  1.9498E+01
  4.7893E-01  1.0665E+01  1.0665E+01  1.9621E+01
  4.7931E-01  1.0723E+01  1.0723E+01  1.9743E+01
  4.7970E-01  1.0781E+01  1.0781E+01  1.9865E+01
  4.8008E-01  1.0838E+01  1.0838E+01  1.9987E+01
  4.8046E-01  1.0895E+01  1.0895E+01  2.0108E+01
  4.8085E-01  1.0951E+01  1.0951E+01  2.0228E+01
  4.8123E-01  1.1006E+01  1.1006E+01  2.0347E+01
  4.8161E-01  1.1060E+01  1.1060E+01  2.0463E+01
  4.8200E-01  1.1112E+01  1.1112E+01  2.0578E+01
  4.8238E-01  1.1164E+01  1.1164E+01  2.0690E+01
  4.8277E-01  1.1213E+01  1.1213E+01  2.0800E+01
  4.8315E-01  1.1262E+01  1.1262E+01  2.0907E+01
  4.8353E-01  1.1308E+01  1.1308E+01  2.1011E+01
  4.8392E-01  1.1353E+01  1.1353E+01  2.1111E+01
  4.8430E-01  1.1396E+01  1.1396E+01  2.1207E+01
  4.8468E-01  1.1436E+01  1.1436E+01  2.1300E+01
  4.8507E-01  1.1475E+01  1.1475E+01  2.1388E+01
  4.8545E-01  1.1511E+01  1.1511E+01  2.1472E+01
  4.8584E-01  1.1545E+01  1.1545E+01  2.1552E+01
  4.8622E-01  1.1576E+01  1.1576E+01  2.1626E+01
  4.8660E-01  1.1605E+01  1.1605E+01  2.1696E+01
  4.8699E-01  1.1631E+01  1.1631E+01  2.1760E+01
  4.8737E-01  1.1655E+01  1.1655E+01  2.1819E+01
  4.8775E-01  1.1675E+01  1.1675E+01  2.1872E+01
  4.8814E-01  1.1693E+01  1.1693E+01  2.1919E+01
  4.8852E-01  1.1708E+01  1.1708E+01  2.1961E+01
  4.8891E-01  1.1720E+01  1.1720E+01  2.1996E+01
  4.8929E-01  1.1729E+01  1.1729E+01  2.2026E+01
  4.8967E-01  1.1735E+01  1.1735E+01  2.2049E+01
  4.9006E-01  1.1738E+01  1.1738E+01  2.2066E+01
  4.9044E-01  1.1737E+01  1.1737E+01  2.2076E+01
  4.9082E-01  1.1734E+01  1.1734E+01  2.2080E+01
  4.9121E-01  1.1727E+01  1.1727E+01  2.2077E+01
  4.9159E-01  1.1717E+01  1.1717E+01  2.2068E+01
  4.9198E-01  1.1704E+01  1.1704E+01  2.2053E+01
  4.9236E-01  1.1688E+01  1.1688E+01  2.2030E+01
  4.9274E-01  1.1669E+01  1.1669E+01  2.2001E+01
  4.9313E-01  1.1646E+01  1.1646E+01  2.1966E+01
  4.9351E-01  1.1620E+01  1.1620E+01  2.1924E+01
  4.9389E-01  1.1591E+01  1.1591E+01  2.1876E+01
  4.9428E-01  1.1559E+01  1.1559E+01  2.1821E+01
  4.9466E-01  1.1524E+01  1.1524E+01  2.1760E+01
  4.9505E-01  1.1486E+01  1.1486E+01  2.1692E+01
  4.9543E-01  1.1445E+01  1.1445E+01  2.1619E+01
  4.9581E-01  1.1401E+01  1.1401E+01  2.1539E+01
  4.9620E-01  1.1354E+01  1.1354E+01  2.1454E+01
  4.9658E-01  1.1304E+01  1.1304E+01  2.1362E+01
  4.9696E-01  1.1252E+01  1.1252E+01  2.1265E+01
  4.9735E-01  1.1197E+01  1.1197E+01  2.1163E+01
  4.9773E-01  1.1139E+01  1.1139E+01  2.1055E+01
  4.9811E-01  1.1079E+01  1.1079E+01  2.0942E+01
  4.9850E-01  1.1016E+01  1.1016E+01  2.0825E+01
  4.9888E-01  1.0952E+01  1.0952E+01  2.0702E+01
  4.9927E-01  1.0884E+01  1.0884E+01  2.0575E+01
  4.9965E-01  1.0815E+01  1.0815E+01  2.0444E+01
  5.0003E-01  1.0744E+01  1.0744E+01  2.0308E+01
  5.0042E-01  1.0670E+01  1.0670E+01  2.0169E+01
  5.0080E-01  1.0595E+01  1.0595E+01  2.0026E+01
  5.0118E-01  1.0519E+01  1.0519E+01  1.9880E+01
  5.0157E-01  1.0440E+01  1.0440E+01  1.9730E+01
  5.0195E-01  1.0360E+01  1.0360E+01  1.9578E+01
  5.0234E-01  1.0279E+01  1.0279E+01  1.9423E+01
  5.0272E-01  1.0197E+01  1.0197E+01  1.9265E+01
  5.0310E-01  1.0113E+01  1.0113E+01  1.9106E+01
  5.0349E-01  1.0029E+01  1.0029E+01  1.8945E+01
  5.0387E-01  9.9433E+00  9.9433E+00  1.8782E+01
  5.0425E-01  9.8572E+00  9.8572E+00  1.8618E+01
  5.0464E-01  9.7705E+00  9.7705E+00  1.8453E+01
  5.0502E-01  9.6833E+00  9.6833E+00  1.8287E+01
  5.0541E-01  9.5958E+00  9.5958E+00  1.8121E+01
  5.0579E-01  9.5081E+00  9.5081E+00  1.7955E+01
  5.0617E-01  9.4204E+00  9.4204E+00  1.7788E+01
  5.0656E-01  9.3327E+00  9.3327E+00  1.7623E+01
  5.0694E-01  9.2451E+00  9.2451E+00  1.7458E+01
  5.0732E-01  9.1580E+00  9.1580E+00  1.7294E+01
  5.0771E-01  9.0712E+00  9.0712E+00  1.7131E+01
  5.0809E-01  8.9851E+00  8.9851E+00  1.6970E+01
  5.0848E-01  8.8996E+00  8.8996E+00  1.6811E+01
  5.0886E-01  8.8150E+00  8.8150E+00  1.6654E+01
  5.0924E-01  8.7314E+00  8.7314E+00  1.6499E+01
  5.0963E-01  8.6488E+00  8.6488E+00  1.6347E+01
  5.1001E-01  8.5674E+00  8.5674E+00  1.6198E+01
  5.1039E-01  8.4874E+00  8.4874E+00  1.6052E+01
  5.1078E-01  8.4088E+00  8.4088E+00  1.5909E+01
  5.1116E-01  8.3318E+00  8.3318E+00  1.5770E+01
  5.1155E-01  8.2564E+00  8.2564E+00  1.5635E+01
  5.1193E-01  8.1829E+00  8.1829E+00  1.5504E+01
  5.1231E-01  8.1112E+00  8.1112E+00  1.5378E+01
  5.1270E-01  8.0415E+00  8.0415E+00  1.5256E+01
  5.1308E-01  7.9739E+00  7.9739E+00  1.5138E+01
  5.1346E-01  7.9085E+00  7.9085E+00  1.5026E+01
  5.1385E-01  7.8454E+00  7.8454E+00  1.4919E+01
  5.1423E-01  7.7846E+00  7.7846E+00  1.4817E+01
  5.1462E-01  7.7263E+00  7.7263E+00  1.4721E+01
  5.1500E-01  7.6705E+00  7.6705E+00  1.4630E+01
  5.1538E-01  7.6174E+00  7.6174E+00  1.4546E+01
  5.1577E-01  7.5670E+00  7.5670E+00  1.4467E+01
  5.1615E-01  7.5193E+00  7.5193E+00  1.4394E+01
  5.1653E-01  7.4744E+00  7.4744E+00  1.4328E+01
  5.1692E-01  7.4325E+00  7.4325E+00  1.4268E+01
  5.1730E-01  7.3935E+00  7.3935E+00  1.4215E+01
  5.1769E-01  7.3574E+00  7.3574E+00  1.4168E+01
  5.1807E-01  7.3245E+00  7.3245E+00  1.4128E+01
  5.1845E-01  7.2946E+00  7.2946E+00  1.4094E+01
  5.1884E-01  7.2679E+00  7.2679E+00  1.4068E+01
  5.1922E-01  7.2443E+00  7.2443E+00  1.4048E+01
  5.1960E-01  7.2240E+00  7.2240E+00  1.4036E+01
  5.1999E-01  7.2068E+00  7.2068E+00  1.4030E+01
  5.2037E-01  7.1929E+00  7.1929E+00  1.4031E+01
  5.2075E-01  7.1823E+00  7.1823E+00  1.4039E+01
  5.2114E-01  7.1749E+00  7.1749E+00  1.4055E+01
  5.2152E-01  7.1708E+00  7.1708E+00  1.4077E+01
  5.2191E-01  7.1700E+00  7.1700E+00  1.4106E+01
  5.2229E-01  7.1724E+00  7.1724E+00  1.4143E+01
  5.2267E-01  7.1781E+00  7.1781E+00  1.4186E+01
  5.2306E-01  7.1871E+00  7.1871E+00  1.4236E+01
  5.2344E-01  7.1993E+00  7.1993E+00  1.4293E+01
  5.2382E-01  7.2147E+00  7.2147E+00  1.4357E+01
  5.2421E-01  7.2332E+00  7.2332E+00  1.4427E+01
  5.2459E-01  7.2550E+00  7.2550E+00  1.4505E+01
  5.2498E-01  7.2798E+00  7.2798E+00  1.4588E+01
  5.2536E-01  7.3078E+00  7.3078E+00  1.4678E+01
  5.2574E-01  7.3387E+00  7.3387E+00  1.4774E+01
  5.2613E-01  7.3727E+00  7.3727E+00  1.4877E+01
  5.2651E-01  7.4095E+00  7.4095E+00  1.4985E+01
  5.2689E-01  7.4493E+00  7.4493E+00  1.5099E+01
  5.2728E-01  7.4919E+00  7.4919E+00  1.5219E+01
  5.2766E-01  7.5372E+00  7.5372E+00  1.5345E+01
  5.2805E-01  7.5851E+00  7.5851E+00  1.5476E+01
  5.2843E-01  7.6357E+00  7.6357E+00  1.5612E+01
  5.2881E-01  7.6888E+00  7.6888E+00  1.5753E+01
  5.2920E-01  7.7444E+00  7.7444E+00  1.5900E+01
  5.2958E-01  7.8023E+00  7.8023E+00  1.6050E+01
  5.2996E-01  7.8625E+00  7.8625E+00  1.6206E+01
  5.3035E-01  7.9249E+00  7.9249E+00  1.6365E+01
  5.3073E-01  7.9894E+00  7.9894E+00  1.6529E+01
  5.3112E-01  8.0559E+00  8.0559E+00  1.6696E+01
  5.3150E-01  8.1242E+00  8.1242E+00  1.6867E+01
  5.3188E-01  8.1944E+00  8.1944E+00  1.7041E+01
  5.3227E-01  8.2663E+00  8.2663E+00  1.7218E+01
  5.3265E-01  8.3397E+00  8.3397E+00  1.7398E+01
  5.3303E-01  8.4147E+00  8.4147E+00  1.7581E+01
  5.3342E-01  8.4910E+00  8.4910E+00  1.7766E+01
  5.3380E-01  8.5685E+00  8.5685E+00  1.7954E+01
  5.3419E-01  8.6472E+00  8.6472E+00  1.8143E+01
  5.3457E-01  8.7269E+00  8.7269E+00  1.8334E+01
  5.3495E-01  8.8075E+00  8.8075E+00  1.8526E+01
  5.3534E-01  8.8889E+00  8.8889E+00  1.8719E+01
  5.3572E-01  8.9709E+00  8.9709E+00  1.8913E+01
  5.3610E-01  9.0535E+00  9.0535E+00  1.9108E+01
  5.3649E-01  9.1365E+00  9.1365E+00  1.9303E+01
  5.3687E-01  9.2198E+00  9.2198E+00  1.9498E+01
  5.3726E-01  9.3033E+00  9.3033E+00  1.9692E+01
  5.3764E-01  9.3868E+00  9.3868E+00  1.9887E+01
  5.3802E-01  9.4702E+00  9.4702E+00  2.0080E+01
  5.3841E-01  9.5535E+00  9.5535E+00  2.0273E+01
  5.3879E-01  9.6363E+00  9.6363E+00  2.0464E+01
  5.3917E-01  9.7187E+00  9.7187E+00  2.0653E+01
  5.3956E-01  9.8006E+00  9.8006E+00  2.0841E+01
  5.3994E-01  9.8817E+00  9.8817E+00  2.1027E+01
  5.4033E-01  9.9620E+00  9.9620E+00  2.1210E+01
  5.4071E-01  1.0041E+01  1.0041E+01  2.1391E+01
  5.4109E-01  1.0120E+01  1.0120E+01  2.1569E+01
  5.4148E-01  1.0197E+01  1.0197E+01  2.1744E+01
  5.4186E-01  1.0272E+01  1.0272E+01  2.1915E+01
  5.4224E-01  1.0347E+01  1.0347E+01  2.2083E+01
  5.4263E-01  1.0419E+01  1.0419E+01  2.2248E+01
  5.4301E-01  1.0490E+01  1.0490E+01  2.2408E+01
  5.4340E-01  1.0559E+01  1.0559E+01  2.2564E+01
  5.4378E-01  1.0627E+01  1.0627E+01  2.2716E+01
  5.4416E-01  1.0692E+01  1.0692E+01  2.2863E+01
  5.4455E-01  1.0755E+01  1.0755E+01  2.3006E+01
  5.4493E-01  1.0816E+01  1.0816E+01  2.3143E+01
  5.4531E-01  1.0875E+01  1.0875E+01  2.3275E+01
  5.4570E-01  1.0931E+01  1.0931E+01  2.3402E+01
  5.4608E-01  1.0985E+01  1.0985E+01  2.3523E+01
  5.4646E-01  1.1036E+01  1.1036E+01  2.3639E+01
  5.4685E-01  1.1084E+01  1.1084E+01  2.3749E+01
  5.4723E-01  1.1130E+01  1.1130E+01  2.3852E+01
  5.4762E-01  1.1173E+01  1.1173E+01  2.3950E+01
  5.4800E-01  1.1212E+01  1.1212E+01  2.4042E+01
  5.4838E-01  1.1249E+01  1.1249E+01  2.4127E+01
  5.4877E-01  1.1283E+01  1.1283E+01  2.4206E+01
  5.4915E-01  1.1313E+01  1.1313E+01  2.4278E+01
  5.4953E-01  1.1341E+01  1.1341E+01  2.4344E+01
  5.4992E-01  1.1365E+01  1.1365E+01  2.4403E+01
  5.5030E-01  1.1386E+01  1.1386E+01  2.4455E+01
  5.5069E-01  1.1403E+01  1.1403E+01  2.4501E+01
  5.5107E-01  1.1417E+01  1.1417E+01  2.4540E+01
  5.5145E-01  1.1428E+01  1.1428E+01  2.4572E+01
  5.5184E-01  1.1435E+01  1.1435E+01  2.4597E+01
  5.5222E-01  1.1439E+01  1.1439E+01  2.4616E+01
  5.5260E-01  1.1439E+01  1.1439E+01  2.4628E+01
  5.5299E-01  1.1436E+01  1.1436E+01  2.4633E+01
  5.5337E-01  1.1429E+01  1.1429E+01  2.4632E+01
  5.5376E-01  1.1419E+01  1.1419E+01  2.4625E+01
  5.5414E-01  1.1406E+01  1.1406E+01  2.4611E+01
  5.5452E-01  1.1389E+01  1.1389E+01  2.4591E+01
  5.5491E-01  1.1369E+01  1.1369E+01  2.4565E+01
  5.5529E-01  1.1346E+01  1.1346E+01  2.4532E+01
  5.5567E-01  1.1319E+01  1.1319E+01  2.4495E+01
  5.5606E-01  1.1290E+01  1.1290E+01  2.4451E+01
  5.5644E-01  1.1257E+01  1.1257E+01  2.4403E+01
  5.5683E-01  1.1221E+01  1.1221E+01  2.4349E+01
  5.5721E-01  1.1183E+01  1.1183E+01  2.4291E+01
  5.5759E-01  1.1141E+01  1.1141E+01  2.4228E+01
  5.5798E-01  1.1098E+01  1.1098E+01  2.4161E+01
  5.5836E-01  1.1051E+01  1.1051E+01  2.4090E+01
  5.5874E-01  1.1003E+01  1.1003E+01  2.4016E+01
  5.5913E-01  1.0952E+01  1.0952E+01  2.3939E+01
  5.5951E-01  1.0899E+01  1.0899E+01  2.3859E+01
  5.5990E-01  1.0845E+01  1.0845E+01  2.3778E+01
  5.6028E-01  1.0789E+01  1.0789E+01  2.3694E+01
  5.6066E-01  1.0732E+01  1.0732E+01  2.3610E+01
  5.6105E-01  1.0674E+01  1.0674E+01  2.3526E+01
  5.6143E-01  1.0615E+01  1.0615E+01  2.3441E+01
  5.6181E-01  1.0556E+01  1.0556E+01  2.3358E+01
  5.6220E-01  1.0497E+01  1.0497E+01  2.3276E+01
  5.6258E-01  1.0438E+01  1.0438E+01  2.3196E+01
  5.6297E-01  1.0379E+01  1.0379E+01  2.3119E+01
  5.6335E-01  1.0322E+01  1.0322E+01  2.3047E+01
  5.6373E-01  1.0266E+01  1.0266E+01  2.2979E+01
  5.6412E-01  1.0212E+01  1.0212E+01  2.2917E+01
  5.6450E-01  1.0160E+01  1.0160E+01  2.2861E+01
  5.6488E-01  1.0111E+01  1.0111E+01  2.2813E+01
  5.6527E-01  1.0065E+01  1.0065E+01  2.2774E+01
  5.6565E-01  1.0023E+01  1.0023E+01  2.2745E+01
  5.6604E-01  9.9861E+00  9.9861E+00  2.2727E+01
  5.6642E-01  9.9540E+00  9.9540E+00  2.2721E+01
  5.6680E-01  9.9276E+00  9.9276E+00  2.2729E+01
  5.6719E-01  9.9077E+00  9.9077E+00  2.2752E+01
  5.6757E-01  9.8950E+00  9.8950E+00  2.2792E+01
  5.6795E-01  9.8902E+00  9.8902E+00  2.2850E+01
  5.6834E-01  9.8942E+00  9.8942E+00  2.2928E+01
  5.6872E-01  9.9079E+00  9.9079E+00  2.3027E+01
  5.6910E-01  9.9321E+00  9.9321E+00  2.3150E+01
  5.6949E-01  9.9677E+00  9.9677E+00  2.3298E+01
  5.6987E-01  1.0016E+01  1.0016E+01  2.3473E+01
  5.7026E-01  1.0077E+01  1.0077E+01  2.3677E+01
  5.7064E-01  1.0154E+01  1.0154E+01  2.3913E+01
  5.7102E-01  1.0246E+01  1.0246E+01  2.4183E+01
  5.7141E-01  1.0355E+01  1.0355E+01  2.4489E+01
  5.7179E-01  1.0482E+01  1.0482E+01  2.4834E+01
  5.7217E-01  1.0629E+01  1.0629E+01  2.5220E+01
  5.7256E-01  1.0797E+01  1.0797E+01  2.5650E+01
  5.7294E-01  1.0987E+01  1.0987E+01  2.6127E+01
  5.7333E-01  1.1202E+01  1.1202E+01  2.6654E+01
  5.7371E-01  1.1414E+01  1.1414E+01  2.7174E+01
  5.7409E-01  1.1532E+01  1.1532E+01  2.7480E+01
  5.7448E-01  1.1650E+01  1.1650E+01  2.7786E+01
  5.7486E-01  1.1768E+01  1.1768E+01  2.8093E+01
  5.7524E-01  1.1885E+01  1.1885E+01  2.8400E+01
  5.7563E-01  1.2002E+01  1.2002E+01  2.8705E+01
  5.7601E-01  1.2118E+01  1.2118E+01  2.9009E+01
  5.7640E-01  1.2232E+01  1.2232E+01  2.9311E+01
  5.7678E-01  1.2345E+01  1.2345E+01  2.9609E+01
  5.7716E-01  1.2457E+01  1.2457E+01  2.9904E+01
  5.7755E-01  1.2566E+01  1.2566E+01  3.0194E+01
  5.7793E-01  1.2673E+01  1.2673E+01  3.0479E+01
  5.7831E-01  1.2777E+01  1.2777E+01  3.0757E+01
  5.7870E-01  1.2878E+01  1.2878E+01  3.1028E+01
  5.7908E-01  1.2955E+01  1.2955E+01  3.1261E+01
  5.7947E-01  1.3026E+01  1.3026E+01  3.1480E+01
  5.7985E-01  1.3092E+01  1.3092E+01  3.1689E+01
  5.8023E-01  1.3154E+01  1.3154E+01  3.1888E+01
  5.8062E-01  1.3211E+01  1.3211E+01  3.2075E+01
  5.8100E-01  1.3263E+01  1.3263E+01  3.2249E+01
  5.8138E-01  1.3309E+01  1.3309E+01  3.2410E+01
  5.8177E-01  1.3349E+01  1.3349E+01  3.2557E+01
  5.8215E-01  1.3383E+01  1.3383E+01  3.2689E+01
  5.8254E-01  1.3410E+01  1.3410E+01  3.2804E+01
  5.8292E-01  1.3431E+01  1.3431E+01  3.2902E+01
  5.8330E-01  1.3443E+01  1.3443E+01  3.2981E+01
  5.8369E-01  1.3448E+01  1.3448E+01  3.3041E+01
  5.8407E-01  1.3445E+01  1.3445E+01  3.3081E+01
  5.8445E-01  1.3433E+01  1.3433E+01  3.3100E+01
  5.8484E-01  1.3412E+01  1.3412E+01  3.3097E+01
  5.8522E-01  1.3381E+01  1.3381E+01  3.3070E+01
  5.8561E-01  1.3341E+01  1.3341E+01  3.3019E+01
  5.8599E-01  1.3291E+01  1.3291E+01  3.2943E+01
  5.8637E-01  1.3230E+01  1.3230E+01  3.2841E+01
  5.8676E-01  1.3159E+01  1.3159E+01  3.2713E+01
  5.8714E-01  1.3076E+01  1.3076E+01  3.2557E+01
  5.8752E-01  1.2983E+01  1.2983E+01  3.2372E+01
  5.8791E-01  1.2877E+01  1.2877E+01  3.2158E+01
  5.8829E-01  1.2760E+01  1.2760E+01  3.1914E+01
  5.8868E-01  1.2630E+01  1.2630E+01  3.1640E+01
  5.8906E-01  1.2489E+01  1.2489E+01  3.1334E+01
  5.8944E-01  1.2334E+01  1.2334E+01  3.0997E+01
  5.8983E-01  1.2167E+01  1.2167E+01  3.0627E+01
  5.9021E-01  1.1987E+01  1.1987E+01  3.0224E+01
  5.9059E-01  1.1794E+01  1.1794E+01  2.9789E+01
  5.9098E-01  1.1589E+01  1.1589E+01  2.9320E+01
  5.9136E-01  1.1370E+01  1.1370E+01  2.8817E+01
  5.9174E-01  1.1137E+01  1.1137E+01  2.8281E+01
  5.9213E-01  1.0892E+01  1.0892E+01  2.7711E+01
  5.9251E-01  1.0634E+01  1.0634E+01  2.7108E+01
  5.9290E-01  1.0363E+01  1.0363E+01  2.6471E+01
  5.9328E-01  1.0079E+01  1.0079E+01  2.5802E+01
  5.9366E-01  9.7832E+00  9.7832E+00  2.5099E+01
  5.9405E-01  9.4748E+00  9.4748E+00  2.4365E+01
  5.9443E-01  9.1546E+00  9.1546E+00  2.3599E+01
  5.9481E-01  8.8230E+00  8.8230E+00  2.2804E+01
  5.9520E-01  8.4804E+00  8.4804E+00  2.1978E+01
  5.9558E-01  8.1273E+00  8.1273E+00  2.1125E+01
  5.9597E-01  7.7643E+00  7.7643E+00  2.0245E+01
  5.9635E-01  7.3920E+00  7.3920E+00  1.9340E+01
  5.9673E-01  7.0113E+00  7.0113E+00  1.8411E+01
  5.9712E-01  6.6230E+00  6.6230E+00  1.7461E+01
  5.9750E-01  6.2279E+00  6.2279E+00  1.6491E+01
  5.9788E-01  5.8270E+00  5.8270E+00  1.5504E+01
  5.9827E-01  5.4213E+00  5.4213E+00  1.4503E+01
  5.9865E-01  5.0122E+00  5.0122E+00  1.3491E+01
  5.9904E-01  4.6008E+00  4.6008E+00  1.2469E+01
  5.9942E-01  4.1884E+00  4.1884E+00  1.1443E+01
  5.9980E-01  3.7767E+00  3.7767E+00  1.0415E+01
  6.0019E-01  3.3671E+00  3.3671E+00  9.3889E+00
  6.0057E-01  2.9613E+00  2.9613E+00  8.3695E+00
  6.0095E-01  2.5612E+00  2.5612E+00  7.3610E+00
  6.0134E-01  2.1686E+00  2.1686E+00  6.3681E+00
  6.0172E-01  1.7857E+00  1.7857E+00  5.3960E+00
  6.0211E-01  1.4145E+00  1.4145E+00  4.4500E+00
  6.0249E-01  1.0575E+00  1.0575E+00  3.5360E+00
  6.0287E-01  7.1712E-01  7.1712E-01  2.6601E+00
  6.0326E-01  3.9588E-01  3.9588E-01  1.8288E+00
  6.0364E-01  9.6547E-02  9.6547E-02  1.0489E+00
  6.0402E-01 -1.7797E-01 -1.7797E-01  3.2776E-01
  6.0441E-01 -4.2463E-01 -4.2463E-01 -3.2694E-01
  6.0479E-01 -6.4022E-01 -6.4022E-01 -9.0711E-01
  6.0518E-01 -8.2137E-01 -8.2137E-01 -1.4042E+00
  6.0556E-01 -9.6454E-01 -9.6454E-01 -1.8092E+00
  6.0594E-01 -1.0660E+00 -1.0660E+00 -2.1127E+00
  6.0633E-01 -1.1219E+00 -1.1219E+00 -2.3048E+00
  6.0671E-01 -1.1281E+00 -1.1281E+00 -2.3750E+00
  6.0709E-01 -1.0803E+00 -1.0803E+00 -2.3125E+00
  6.0748E-01 -9.7774E-01 -9.7774E-01 -2.1113E+00
  6.0786E-01 -8.6910E-01 -8.6910E-01 -1.8767E+00
  6.0825E-01 -7.6046E-01 -7.6046E-01 -1.6421E+00
  6.0863E-01 -6.5182E-01 -6.5182E-01 -1.4075E+00
  6.0901E-01 -5.4319E-01 -5.4319E-01 -1.1729E+00
  6.0940E-01 -4.3455E-01 -4.3455E-01 -9.3834E-01
  6.0978E-01 -3.2591E-01 -3.2591E-01 -7.0376E-01
  6.1016E-01 -2.1727E-01 -2.1727E-01 -4.6917E-01
  6.1055E-01 -1.0864E-01 -1.0864E-01 -2.3459E-01
  6.1093E-01  0.0000E+00  0.0000E+00  0.0000E+00
  6.1132E-01  0.0000E+00  0.0000E+00  0.0000E+00
# EFERMI (HARTREE)   -0.18970
